446.3704 -858.9682 67.5909
486.6038 -829.2819 154.1345
526.8371 -799.5956 232.3095
567.0705 -769.9093 329.8169
607.3039 -740.2230 414.3817
647.5372 -710.5367 502.6673
687.7706 -680.8504 588.8936
728.0039 -651.1640 671.0505
768.2373 -621.4777 749.2587
808.4707 -591.7914 824.5063
848.7040 -562.1051 890.5132
888.9374 -532.4188 950.4522
416.6841 -818.7348 40.6712
456.9175 -789.0485 135.4470
497.1508 -759.3622 217.0616
537.3842 -729.6759 309.6175
577.6176 -699.9896 401.4995
617.8509 -670.3033 492.9272
658.0843 -640.6170 582.6171
698.3176 -610.9307 668.9152
738.5510 -581.2444 750.1103
778.7844 -551.5581 824.8096
819.0177 -521.8718 892.3702
859.2511 -492.1855 953.6398
427.2312 -748.8152 98.3449
467.4645 -719.1289 185.2967
507.6979 -689.4425 287.3490
547.9312 -659.7562 383.5960
588.1646 -630.0699 479.4749
628.3980 -600.3836 574.1096
668.6313 -570.6973 665.2233
708.8647 -541.0110 750.3870
749.0981 -511.3247 827.9658
789.3314 -481.6384 898.1248
829.5648 -451.9521 959.6996
397.5449 -708.5818 70.1597
437.7782 -678.8955 158.9345
478.0116 -649.2092 255.5900
518.2449 -619.5229 357.4998
558.4783 -589.8366 459.6489
598.7117 -560.1503 560.7495
638.9450 -530.4640 658.1624
679.1784 -500.7777 749.0383
719.4117 -471.0914 830.9503
759.6451 -441.4051 903.7855
367.8586 -668.3484 42.3089
408.0919 -638.6621 128.9654
448.3253 -608.9758 224.9897
488.5586 -579.2895 326.5140
528.7920 -549.6032 432.5288
569.0254 -519.9169 539.9266
609.2587 -490.2306 644.8208
649.4921 -460.5443 743.1907
689.7254 -430.8580 831.7516
729.9588 -401.1717 904.8218
338.1723 -628.1151 21.8535
378.4056 -598.4288 96.1433
418.6390 -568.7425 188.1629
458.8723 -539.0562 290.4501
499.1057 -509.3699 398.3759
539.3391 -479.6836 509.2701
579.5724 -449.9972 621.1769
619.8058 -420.3109 727.7766
660.0391 -390.6246 819.2354
700.2725 -360.9383 897.6757
348.7193 -558.1954 58.0097
388.9527 -528.5091 151.9096
429.1860 -498.8228 250.9007
469.4194 -469.1365 357.9069
509.6527 -439.4502 466.7903
549.8861 -409.7639 582.5594
590.1195 -380.0776 699.8911
630.3528 -350.3913 792.0413
670.5862 -320.7050 879.7590
710.8195 -291.0187 953.1447
319.0330 -517.9621 28.6592
359.2664 -488.2757 114.0094
399.4997 -458.5894 203.0659
439.7331 -428.9031 311.1839
479.9664 -399.2168 414.5728
520.1998 -369.5305 528.1507
560.4332 -339.8442 644.4469
600.6665 -310.1579 747.9713
640.8999 -280.4716 846.5016
681.1332 -250.7853 927.2081
329.5801 -448.0424 63.2412
369.8134 -418.3561 158.7147
410.0468 -388.6698 255.9192
450.2801 -358.9835 358.1571
490.5135 -329.2972 467.3967
530.7469 -299.6109 573.0993
570.9802 -269.9246 689.2208
611.2136 -240.2383 807.0702
651.4469 -210.5519 895.8152
299.8938 -407.8090 25.0952
340.1271 -378.1227 104.4682
380.3605 -348.4364 201.0163
420.5938 -318.7501 295.9172
460.8272 -289.0638 405.1637
501.0606 -259.3775 509.1903
541.2939 -229.6912 623.7614
581.5273 -200.0049 745.7021
621.7606 -170.3186 872.8900
661.9940 -140.6323 938.6742
310.4408 -337.8894 47.9715
350.6742 -308.2031 149.5956
390.9075 -278.5168 238.2470
431.1409 -248.8304 342.3033
471.3742 -219.1441 452.3477
511.6076 -189.4578 563.3845
551.8410 -159.7715 694.0497
592.0743 -130.0852 828.0388
632.3077 -100.3989 905.9826
280.7545 -297.6560 23.0115
320.9879 -267.9697 91.9905
361.2212 -238.2834 193.9720
401.4546 -208.5971 292.9827
441.6879 -178.9108 405.2109
481.9213 -149.2245 528.6656
522.1547 -119.5382 659.4437
562.3880 -89.8519 788.0317
602.6214 -60.1656 908.7889
291.3016 -227.7363 50.7404
331.5349 -198.0500 152.3987
371.7683 -168.3637 261.9804
412.0016 -138.6774 373.9737
452.2350 -108.9911 495.3910
492.4684 -79.3048 629.4466
532.7017 -49.6185 761.5902
572.9351 -19.9322 879.1255
261.6153 -187.5030 35.5348
301.8486 -157.8167 112.9724
342.0820 -128.1304 230.1608
382.3153 -98.4441 351.2484
422.5487 -68.7578 476.4941
462.7821 -39.0714 599.1766
503.0154 -9.3851 723.4904
543.2488 20.3012 844.7512
583.4821 49.9875 931.9751
231.9289 -147.2696 14.7422
272.1623 -117.5833 87.9150
312.3957 -87.8970 201.1247
352.6290 -58.2107 321.1051
392.8624 -28.5244 437.6976
433.0957 1.1619 564.8099
473.3291 30.8482 681.1982
513.5625 60.5345 790.6456
553.7958 90.2208 897.6907
242.4760 -77.3500 69.8170
282.7094 -47.6636 178.1326
322.9427 -17.9773 289.8813
363.1761 11.7090 403.9590
403.4094 41.3953 521.6696
443.6428 71.0816 632.0803
483.8762 100.7679 742.3353
524.1095 130.4542 842.3813
564.3429 160.1405 930.5254
212.7897 -37.1166 40.8113
253.0231 -7.4303 142.2887
293.2564 22.2560 248.6644
333.4898 51.9423 361.8230
373.7231 81.6286 475.6521
413.9565 111.3149 578.9413
454.1899 141.0012 683.8976
494.4232 170.6875 782.2073
534.6566 200.3739 875.6549
574.8899 230.0602 955.6038
183.1034 3.1168 25.3409
223.3367 32.8031 101.8972
263.5701 62.4894 206.6614
303.8035 92.1757 317.9353
344.0368 121.8620 421.5179
384.2702 151.5483 525.7202
424.5036 181.2346 623.8340
464.7369 210.9209 726.9973
504.9703 240.6072 813.2480
545.2036 270.2935 890.4499
585.4370 299.9798 955.7216
193.6504 73.0364 63.0937
233.8838 102.7227 166.4933
274.1172 132.4090 267.8366
314.3505 162.0954 366.5115
354.5839 191.7817 470.2208
394.8172 221.4680 564.0354
435.0506 251.1543 662.4331
475.2840 280.8406 751.7466
515.5173 310.5269 850.0815
555.7507 340.2132 908.9427
163.9641 113.2698 36.9224
204.1975 142.9561 115.3104
244.4309 172.6424 216.2523
284.6642 202.3287 318.3795
324.8976 232.0150 415.0176
365.1309 261.7013 505.0814
405.3643 291.3876 607.4245
445.5977 321.0739 690.6788
485.8310 350.7602 788.2776
526.0644 380.4465 865.6725
566.2977 410.1328 955.2380
134.2778 153.5032 15.0224
174.5112 183.1895 72.7200
214.7446 212.8758 173.8869
254.9779 242.5621 260.5434
295.2113 272.2484 365.3058
335.4446 301.9347 445.4988
375.6780 331.6210 550.4419
415.9114 361.3073 632.1419
456.1447 390.9936 735.5944
496.3781 420.6799 818.9597
536.6114 450.3662 915.4400
144.8249 223.4228 37.8410
185.0582 253.1091 118.9434
225.2916 282.7954 219.4011
265.5250 312.4817 306.0874
305.7583 342.1680 393.6306
345.9917 371.8543 491.2465
386.2250 401.5407 584.5195
426.4584 431.2270 677.8892
466.6918 460.9133 771.2489
506.9251 490.5996 869.7312
155.3719 293.3425 69.9896
195.6053 323.0288 165.2985
235.8387 352.7151 248.1779
276.0720 382.4014 353.2546
316.3054 412.0877 434.5826
356.5387 441.7740 536.6729
396.7721 471.4603 625.4171
437.0055 501.1466 727.8596
477.2388 530.8329 819.8897
125.6856 333.5758 35.6989
165.9190 363.2622 108.9557
206.1524 392.9485 211.8021
246.3857 422.6348 291.3320
286.6191 452.3211 394.6366
326.8524 482.0074 478.2694
367.0858 511.6937 567.6620
407.3192 541.3800 677.7154
447.5525 571.0663 773.1637
136.2327 403.4955 73.7801
176.4661 433.1818 152.7615
216.6994 462.8681 257.5374
256.9328 492.5544 335.8556
297.1661 522.2407 441.4268
337.3995 551.9270 522.6709
377.6329 581.6133 618.5963
417.8662 611.2997 715.1030
106.5464 443.7289 34.4226
146.7797 473.4152 117.9049
187.0131 503.1015 198.4682
227.2465 532.7878 269.1071
267.4798 562.4741 364.1133
307.7132 592.1604 457.8226
347.9465 621.8467 552.1180
388.1799 651.5330 647.2402
117.0934 513.6485 60.0219
157.3268 543.3348 141.2137
197.5602 573.0211 221.1465
237.7935 602.7075 304.4861
278.0269 632.3938 392.5162
318.2602 662.0801 483.8625
358.4936 691.7664 575.6014
87.4071 553.8819 22.1168
127.6405 583.5682 89.0320
167.8739 613.2545 163.5918
208.1072 642.9408 242.2203
248.3406 672.6271 326.2140
288.5739 702.3134 413.1493
328.8073 731.9997 501.7993
