1126.4278 -854.2857 1192.8239
1166.6612 -824.5994 1085.5802
1206.8945 -794.9131 973.4988
1247.1279 -765.2268 834.8410
1287.3613 -735.5405 727.4482
1327.5946 -705.8542 649.4699
1367.8280 -676.1679 581.7857
1408.0613 -646.4816 515.5699
1448.2947 -616.7953 449.4408
1488.5281 -587.1090 386.0440
1528.7614 -557.4227 327.3603
1568.9948 -527.7364 274.0298
1609.2281 -498.0500 225.7720
1649.4615 -468.3637 181.8425
1689.6949 -438.6774 141.3035
1729.9282 -408.9911 103.4251
1770.1616 -379.3048 67.5554
1810.3949 -349.6185 33.3240
1096.7415 -814.0523 1197.0841
1136.9749 -784.3660 1089.5195
1177.2082 -754.6797 989.9469
1217.4416 -724.9934 868.6735
1257.6750 -695.3071 767.6755
1297.9083 -665.6208 680.1508
1338.1417 -635.9345 599.2610
1378.3750 -606.2482 524.9879
1418.6084 -576.5619 454.2624
1458.8418 -546.8756 388.1504
1499.0751 -517.1893 327.6965
1539.3085 -487.5030 273.0374
1579.5418 -457.8167 223.6246
1619.7752 -428.1304 178.6014
1660.0086 -398.4441 137.0335
1700.2419 -368.7578 98.1778
1740.4753 -339.0715 61.4244
1780.7086 -309.3852 26.3928
1067.0552 -773.8190 1205.0968
1107.2886 -744.1327 1101.8539
1147.5219 -714.4464 994.9755
1187.7553 -684.7601 884.1313
1227.9887 -655.0738 780.6448
1268.2220 -625.3875 692.1514
1308.4554 -595.7012 607.0703
1348.6887 -566.0149 527.9852
1388.9221 -536.3285 453.9607
1429.1555 -506.6422 385.5185
1469.3888 -476.9559 323.4745
1509.6222 -447.2696 267.7543
1549.8555 -417.5833 217.6220
1590.0889 -387.8970 172.0402
1630.3223 -358.2107 129.9774
1670.5556 -328.5244 90.6189
1710.7890 -298.8381 53.3680
1751.0223 -269.1518 17.8487
1037.3689 -733.5856 1197.1086
1077.6023 -703.8993 1099.4990
1117.8356 -674.2130 1000.1606
1158.0690 -644.5267 890.3395
1198.3023 -614.8404 780.1735
1238.5357 -585.1541 692.8000
1278.7691 -555.4678 608.3850
1319.0024 -525.7815 526.3967
1359.2358 -496.0952 449.0578
1399.4691 -466.4089 378.7027
1439.7025 -436.7226 315.4707
1479.9359 -407.0363 259.0308
1520.1692 -377.3500 208.4890
1560.4026 -347.6637 162.6436
1600.6360 -317.9774 120.3487
1640.8693 -288.2910 80.7420
1681.1027 -258.6047 43.2302
967.4492 -723.0386 1262.6024
1007.6826 -693.3523 1185.1661
1047.9160 -663.6660 1091.4667
1088.1493 -633.9797 995.1615
1128.3827 -604.2934 900.5739
1168.6160 -574.6070 795.6569
1208.8494 -544.9207 699.8086
1249.0828 -515.2344 610.0618
1289.3161 -485.5481 523.9822
1329.5495 -455.8618 442.9016
1369.7828 -426.1755 369.4018
1410.0162 -396.4892 305.1088
1450.2496 -366.8029 248.0846
1490.4829 -337.1166 197.2266
1530.7163 -307.4303 151.1481
1570.9496 -277.7440 108.6156
1611.1830 -248.0577 68.7705
1651.4164 -218.3714 31.0499
937.7629 -682.8052 1252.5963
977.9963 -653.1189 1180.9470
1018.2297 -623.4326 1089.3268
1058.4630 -593.7463 999.3440
1098.6964 -564.0600 905.1197
1138.9297 -534.3737 809.1644
1179.1631 -504.6874 711.7303
1219.3965 -475.0011 616.2747
1259.6298 -445.3148 524.4076
1299.8632 -415.6285 437.9655
1340.0965 -385.9422 360.8026
1380.3299 -356.2559 293.8890
1420.5633 -326.5695 236.1663
1460.7966 -296.8832 184.9612
1501.0300 -267.1969 138.4710
1541.2633 -237.5106 95.4403
1581.4967 -207.8243 55.1291
1621.7301 -178.1380 17.0672
908.0766 -642.5719 1255.5029
948.3100 -612.8855 1196.1741
988.5434 -583.1992 1100.7948
1028.7767 -553.5129 1003.3513
1069.0101 -523.8266 918.3969
1109.2434 -494.1403 825.0955
1149.4768 -464.4540 726.6973
1189.7102 -434.7677 627.3990
1229.9435 -405.0814 530.1843
1270.1769 -375.3951 437.7400
1310.4102 -345.7088 354.3668
1350.6436 -316.0225 283.1057
1390.8770 -286.3362 224.2971
1431.1103 -256.6499 172.7750
1471.3437 -226.9636 125.5640
1511.5770 -197.2773 81.5320
1551.8104 -167.5910 40.3043
878.3903 -602.3385 1244.8940
918.6237 -572.6522 1196.7825
958.8570 -542.9659 1121.2150
999.0904 -513.2796 1032.3866
1039.3238 -483.5933 941.2271
1079.5571 -453.9070 844.8046
1119.7905 -424.2207 744.7873
1160.0238 -394.5344 643.4005
1200.2572 -364.8481 542.7897
1240.4906 -335.1617 444.7825
1280.7239 -305.4754 353.6561
1320.9573 -275.7891 272.6355
1361.1906 -246.1028 213.5740
1401.4240 -216.4165 162.1399
1441.6574 -186.7302 113.6862
1481.8907 -157.0439 67.8195
1522.1241 -127.3576 24.9463
848.7040 -562.1051 1264.8171
888.9374 -532.4188 1207.5287
929.1707 -502.7325 1137.9062
969.4041 -473.0462 1056.4272
1009.6375 -443.3599 965.9616
1049.8708 -413.6736 868.8221
1090.1042 -383.9873 767.3218
1130.3375 -354.3010 664.5742
1170.5709 -324.6147 562.8303
1210.8043 -294.9284 461.4369
1251.0376 -265.2421 365.1950
1291.2710 -235.5558 278.7956
1331.5043 -205.8695 207.9962
1371.7377 -176.1832 155.8356
1411.9711 -146.4969 104.5502
1452.2044 -116.8106 55.4432
859.2511 -492.1855 1225.3295
899.4844 -462.4992 1154.4193
939.7178 -432.8129 1077.2769
979.9512 -403.1266 991.2166
1020.1845 -373.4402 896.8224
1060.4179 -343.7539 797.2429
1100.6512 -314.0676 694.2975
1140.8846 -284.3813 590.1463
1181.1180 -254.6950 486.5724
1221.3513 -225.0087 387.1245
1261.5847 -195.3224 296.1662
1301.8180 -165.6361 217.8047
1342.0514 -135.9498 157.5114
1382.2848 -106.2635 99.6740
1422.5181 -76.5772 45.4549
829.5648 -451.9521 1243.0327
869.7981 -422.2658 1171.8630
910.0315 -392.5795 1097.4807
950.2649 -362.8932 1016.4649
990.4982 -333.2069 927.6776
1030.7316 -303.5206 831.5656
1070.9649 -273.8343 729.5728
1111.1983 -244.1480 624.4156
1151.4317 -214.4617 519.0244
1191.6650 -184.7754 416.9008
1231.8984 -155.0891 322.1072
1272.1317 -125.4027 237.9525
1312.3651 -95.7164 164.5661
1352.5985 -66.0301 98.3710
1392.8318 -36.3438 38.2470
799.8785 -411.7187 1258.0623
840.1118 -382.0324 1188.0880
880.3452 -352.3461 1116.0835
920.5785 -322.6598 1039.3290
960.8119 -292.9735 956.7530
1001.0453 -263.2872 866.9379
1041.2786 -233.6009 767.7299
1081.5120 -203.9146 663.2733
1121.7453 -174.2283 556.9426
1161.9787 -144.5420 452.1463
1202.2121 -114.8557 352.3536
1242.4454 -85.1694 261.2302
1282.6788 -55.4831 180.6143
1322.9121 -25.7968 100.2924
1363.1455 3.8895 34.7857
770.1922 -371.4854 1270.8367
810.4255 -341.7991 1200.9589
850.6589 -312.1128 1130.3230
890.8922 -282.4265 1057.7007
931.1256 -252.7402 981.5955
971.3590 -223.0539 898.8214
1011.5923 -193.3676 805.5733
1051.8257 -163.6812 703.8991
1092.0590 -133.9949 598.0171
1132.2924 -104.3086 491.1761
1172.5258 -74.6223 385.9512
1212.7591 -44.9360 284.0984
1252.9925 -15.2497 186.7204
1293.2258 14.4366 98.4665
1333.4592 44.1229 37.5122
780.7392 -301.5657 1208.1172
820.9726 -271.8794 1139.0155
861.2059 -242.1931 1069.8105
901.4393 -212.5068 999.8141
941.6727 -182.8205 924.8174
981.9060 -153.1342 840.4278
1022.1394 -123.4479 743.3547
1062.3727 -93.7616 639.7823
1102.6061 -64.0753 532.3981
1142.8395 -34.3890 423.6662
1183.0728 -4.7027 315.3192
1223.3062 24.9836 209.2113
1263.5395 54.6699 112.6492
1303.7729 84.3562 60.7178
751.0529 -261.3324 1208.3386
791.2863 -231.6461 1142.3073
831.5196 -201.9597 1077.1256
871.7530 -172.2734 1012.0954
911.9864 -142.5871 943.5785
952.2197 -112.9008 867.3607
992.4531 -83.2145 779.4337
1032.6864 -53.5282 680.6678
1072.9198 -23.8419 574.9326
1113.1532 5.8444 466.6689
1153.3865 35.5307 360.0328
1193.6199 65.2170 260.7301
1233.8532 94.9033 178.7692
1274.0866 124.5896 118.5166
1314.3200 154.2759 24.4713
721.3666 -221.0990 1199.0629
761.6000 -191.4127 1137.3843
801.8333 -161.7264 1078.5314
842.0667 -132.0401 1020.4422
882.3000 -102.3538 959.2272
922.5334 -72.6675 891.2095
962.7668 -42.9812 813.4814
1003.0001 -13.2949 719.6882
1043.2335 16.3914 618.4664
1083.4668 46.0777 516.2738
1123.7002 75.7641 417.7378
1163.9336 105.4504 326.1350
1204.1669 135.1367 241.0558
1244.4003 164.8230 152.5446
1284.6336 194.5093 49.0553
651.4469 -210.5519 1247.1465
691.6803 -180.8656 1179.3617
731.9137 -151.1793 1124.4617
772.1470 -121.4930 1075.9246
812.3804 -91.8067 1027.4700
852.6137 -62.1204 974.6475
892.8471 -32.4341 914.1031
933.0805 -2.7478 843.7397
973.3138 26.9385 755.3958
1013.5472 56.6248 662.9834
1053.7805 86.3111 571.9800
1094.0139 115.9974 483.6362
1134.2473 145.6837 396.0331
1174.4806 175.3700 303.5207
1214.7140 205.0563 201.0549
1254.9473 234.7426 93.2571
661.9940 -140.6323 1145.4982
702.2274 -110.9460 1108.6727
742.4607 -81.2597 1073.1744
782.6941 -51.5734 1035.5470
822.9274 -21.8871 991.7800
863.1608 7.7992 938.8375
903.3942 37.4856 873.3384
943.6275 67.1719 788.6515
983.8609 96.8582 710.2277
1024.0942 126.5445 634.6151
1064.3276 156.2308 556.5056
1104.5610 185.9171 470.4017
1144.7943 215.6034 371.6950
1185.0277 245.2897 259.4940
1225.2610 274.9760 142.8544
1265.4944 304.6623 31.1385
632.3077 -100.3989 1120.7739
672.5410 -70.7126 1097.3359
712.7744 -41.0263 1072.4341
753.0078 -11.3400 1045.7903
793.2411 18.3463 1011.5187
833.4745 48.0326 966.1567
873.7078 77.7189 906.5819
913.9412 107.4052 829.0236
954.1746 137.0915 766.2557
994.4079 166.7778 708.6600
1034.6413 196.4641 638.5018
1074.8747 226.1504 548.5330
1115.1080 255.8367 441.8297
1155.3414 285.5230 322.5157
1195.5747 315.2094 198.8179
1235.8081 344.8957 75.0811
562.3880 -89.8519 1124.3376
602.6214 -60.1656 1109.5923
642.8547 -30.4793 1092.7654
683.0881 -0.7929 1076.9209
723.3215 28.8934 1059.0974
763.5548 58.5797 1035.5076
803.7882 88.2660 1000.8421
844.0215 117.9523 953.9028
884.2549 147.6386 896.8969
924.4883 177.3249 838.9603
964.7216 207.0112 794.2856
1004.9550 236.6975 730.9212
1045.1883 266.3838 629.2479
1085.4217 296.0701 511.0406
1125.6551 325.7564 384.4697
1165.8884 355.4427 255.4803
1206.1218 385.1290 130.7262
1246.3551 414.8153 19.1073
572.9351 -19.9322 1108.6348
613.1684 9.7541 1096.0635
653.4018 39.4404 1084.1879
693.6352 69.1267 1074.2229
733.8685 98.8130 1063.6732
774.1019 128.4993 1048.1873
814.3352 158.1856 1018.9705
854.5686 187.8719 983.2775
894.8020 217.5582 944.5291
935.0353 247.2445 887.2166
975.2687 276.9309 806.4174
1015.5020 306.6172 698.6039
1055.7354 336.3035 574.5263
1095.9688 365.9898 443.6218
1136.2021 395.6761 311.5858
1176.4355 425.3624 182.1101
1216.6688 455.0487 55.1797
503.0154 -9.3851 1128.4509
543.2488 20.3012 1116.3892
583.4821 49.9875 1103.8876
623.7155 79.6738 1091.7263
744.4156 168.7327 1109.9043
784.6489 198.4190 1098.3080
824.8823 228.1053 1072.3008
865.1157 257.7916 1032.3348
905.3490 287.4779 970.7058
945.5824 317.1642 872.5713
985.8157 346.8505 756.5397
1026.0491 376.5368 629.8682
1066.2825 406.2231 497.7241
1106.5158 435.9094 363.6690
1146.7492 465.5957 229.4175
1186.9825 495.2820 94.1209
433.0957 1.1619 1167.0934
473.3291 30.8482 1148.5334
513.5625 60.5345 1130.8960
553.7958 90.2208 1115.0730
594.0292 119.9071 1100.2235
754.9626 238.6524 1192.1641
795.1960 268.3387 1154.5933
835.4293 298.0250 1102.5560
875.6627 327.7113 1026.2026
915.8961 357.3976 922.3997
956.1294 387.0839 804.1561
996.3628 416.7702 678.1425
1036.5961 446.4565 546.7827
1076.8295 476.1428 411.7909
1117.0629 505.8291 275.4602
1157.2962 535.5154 143.9927
1197.5296 565.2017 28.4538
403.4094 41.3953 1181.1125
443.6428 71.0816 1164.4094
483.8762 100.7679 1147.1554
524.1095 130.4542 1129.6082
564.3429 160.1405 1109.5140
765.5097 308.5720 1228.9172
805.7430 338.2583 1161.0190
845.9764 367.9446 1073.4991
886.2098 397.6309 960.4335
926.4431 427.3172 844.3800
966.6765 457.0035 721.9128
1006.9098 486.6899 592.7133
1047.1432 516.3762 458.2232
1087.3766 546.0625 320.9350
1127.6099 575.7488 183.2065
1167.8433 605.4351 43.5891
373.7231 81.6286 1193.8546
413.9565 111.3149 1178.7985
454.1899 141.0012 1163.3142
494.4232 170.6875 1147.0078
735.8234 348.8054 1289.5068
776.0567 378.4917 1209.2748
816.2901 408.1780 1113.8508
856.5235 437.8643 997.6458
896.7568 467.5506 884.3652
936.9902 497.2369 764.2912
977.2235 526.9232 636.3206
1017.4569 556.6095 501.5442
1057.6903 586.2958 361.5413
1097.9236 615.9821 217.2168
1138.1570 645.6684 69.2705
344.0368 121.8620 1204.5930
384.2702 151.5483 1193.6121
424.5036 181.2346 1180.0310
464.7369 210.9209 1165.4286
746.3704 418.7250 1233.6156
786.6038 448.4113 1154.4293
826.8372 478.0977 1041.2288
867.0705 507.7840 927.9201
907.3039 537.4703 806.6901
947.5372 567.1566 677.4724
987.7706 596.8429 540.4717
1028.0040 626.5292 396.8098
1068.2373 656.2155 248.1601
1108.4707 685.9018 96.8933
314.3505 162.0954 1213.0295
354.5839 191.7817 1210.7277
716.6841 458.9584 1261.3108
756.9175 488.6447 1185.0852
797.1508 518.3310 1081.0881
837.3842 548.0173 970.4323
877.6176 577.7036 847.9751
917.8509 607.3899 715.4875
958.0843 637.0762 574.5482
998.3176 666.7625 426.9362
1038.5510 696.4488 275.1113
1078.7844 726.1352 121.8098
1119.0177 755.8215 -30.7928
284.6642 202.3287 1221.4661
727.2312 528.8781 1219.6567
767.4645 558.5644 1121.2667
807.6979 588.2507 1019.8582
847.9313 617.9370 887.0134
888.1646 647.6233 748.8770
928.3980 677.3096 602.7925
968.6313 706.9959 451.5276
1008.8647 736.6822 297.4291
1049.0981 766.3685 141.9863
1089.3314 796.0548 -14.1484
697.5449 569.1114 1258.9237
737.7782 598.7977 1163.9023
778.0116 628.4840 1046.4949
818.2450 658.1703 922.8353
858.4783 687.8567 775.6269
898.7117 717.5430 623.8969
938.9450 747.2293 470.0978
979.1784 776.9156 314.8970
1019.4118 806.6019 158.6855
1059.6451 836.2882 1.8695
667.8586 609.3448 1268.5057
708.0919 639.0311 1189.3715
748.3253 668.7174 1066.5280
788.5587 698.4037 937.6297
828.7920 728.0900 788.4373
869.0254 757.7763 637.0195
909.2587 787.4626 483.1231
949.4921 817.1489 328.3098
989.7255 846.8352 172.9436
1029.9588 876.5215 17.3300
678.4056 679.2645 1196.9376
718.6390 708.9508 1080.8198
758.8723 738.6371 940.9100
799.1057 768.3234 796.3792
839.3391 798.0097 643.2430
879.5724 827.6960 491.0968
919.8058 857.3823 338.6310
960.0391 887.0686 185.7095
1000.2725 916.7549 32.6724
608.4860 689.8115 1258.4553
648.7193 719.4978 1177.7839
688.9527 749.1841 1062.3290
729.1860 778.8704 921.6201
769.4194 808.5567 782.4788
809.6528 838.2430 641.6120
849.8861 867.9293 495.6917
890.1195 897.6156 346.9600
930.3528 927.3020 197.8750
970.5862 956.9883 48.8909
578.7997 730.0449 1243.8323
619.0330 759.7312 1156.4460
659.2664 789.4175 1038.3828
699.4997 819.1038 900.5653
739.7331 848.7901 782.3744
779.9665 878.4764 642.1142
820.1998 908.1627 497.3293
860.4332 937.8490 353.9391
900.6665 967.5353 210.6579
940.8999 997.2216 67.1832
549.1133 770.2782 1227.1296
589.3467 799.9645 1123.0708
629.5801 829.6508 1003.1256
669.8134 859.3371 879.2786
710.0468 889.0235 761.0947
750.2802 918.7098 628.0980
790.5135 948.3961 496.5109
830.7469 978.0824 362.2706
870.9802 1007.7687 225.7991
911.2136 1037.4550 88.8180
519.4270 810.5116 1211.2136
559.6604 840.1979 1098.4651
599.8938 869.8842 978.7296
640.1271 899.5705 858.1089
680.3605 929.2568 736.8895
720.5938 958.9431 619.4016
760.8272 988.6294 500.9142
801.0606 1018.3157 373.4531
841.2939 1048.0020 244.6915
881.5273 1077.6883 115.2545
449.5074 821.0586 1258.6555
489.7407 850.7450 1178.9680
529.9741 880.4313 1071.0231
570.2075 910.1176 953.6311
610.4408 939.8039 836.8739
650.6742 969.4902 729.0226
690.9075 999.1765 614.9051
731.1409 1028.8628 500.9207
771.3743 1058.5491 387.4992
811.6076 1088.2354 269.9163
851.8410 1117.9217 148.3842
892.0743 1147.6080 26.0603
419.8211 861.2920 1254.2516
460.0544 890.9783 1174.1431
500.2878 920.6646 1066.2532
540.5212 950.3509 949.8301
580.7545 980.0372 842.6312
620.9879 1009.7235 735.3218
661.2212 1039.4098 625.1735
701.4546 1069.0961 515.2313
741.6880 1098.7824 411.5023
781.9213 1128.4688 303.9495
822.1547 1158.1551 190.4013
862.3880 1187.8414 86.6454
902.6214 1217.5277 17.7093
390.1348 901.5254 1242.1475
430.3681 931.2117 1174.7081
470.6015 960.8980 1074.8621
510.8348 990.5843 965.3036
551.0682 1020.2706 864.0577
591.3016 1049.9569 754.7044
631.5349 1079.6432 652.5676
671.7683 1109.3295 554.2762
712.0017 1139.0158 451.1927
752.2350 1168.7021 346.0106
792.4684 1198.3884 245.6274
832.7017 1228.0747 148.2381
872.9351 1257.7610 58.8113
360.4485 941.7587 1242.9979
400.6818 971.4450 1184.8477
440.9152 1001.1313 1110.1149
481.1485 1030.8176 1003.9885
521.3819 1060.5039 892.1689
561.6153 1090.1903 796.6268
601.8486 1119.8766 694.2360
642.0820 1149.5629 591.3611
682.3153 1179.2492 494.0439
722.5487 1208.9355 398.9255
762.7821 1238.6218 299.5218
803.0154 1268.3081 208.0427
843.2488 1297.9944 112.9230
883.4821 1327.6807 42.0718
330.7622 981.9921 1250.5319
370.9955 1011.6784 1227.3927
411.2289 1041.3647 1152.4087
451.4622 1071.0510 1049.4404
491.6956 1100.7373 939.7692
531.9290 1130.4236 836.5311
572.1623 1160.1099 735.1695
612.3957 1189.7962 644.6379
652.6290 1219.4825 544.7659
692.8624 1249.1688 444.9415
733.0958 1278.8551 358.8046
773.3291 1308.5414 263.1497
813.5625 1338.2278 172.5456
853.7958 1367.9141 89.6130
381.5426 1081.5981 1199.9850
421.7759 1111.2844 1101.6564
462.0093 1140.9707 994.9404
502.2427 1170.6570 890.8922
542.4760 1200.3433 790.0435
582.7094 1230.0296 689.5366
622.9427 1259.7159 602.3871
663.1761 1289.4022 499.5731
703.4095 1319.0885 417.8832
743.6428 1348.7748 318.7137
783.8762 1378.4611 232.5808
824.1095 1408.1474 146.7550
864.3429 1437.8337 49.1339
351.8563 1121.8314 1228.8511
392.0896 1151.5177 1148.3522
432.3230 1181.2040 1041.7817
472.5563 1210.8903 938.8145
512.7897 1240.5766 845.0428
553.0231 1270.2629 744.1175
593.2564 1299.9493 653.8612
633.4898 1329.6356 557.7490
673.7231 1359.3219 477.2602
713.9565 1389.0082 375.4416
754.1899 1418.6945 291.4789
794.4232 1448.3808 208.8970
834.6566 1478.0671 108.1669
874.8900 1507.7534 33.5813
322.1700 1162.0648 1253.5442
362.4033 1191.7511 1192.8629
402.6367 1221.4374 1091.9592
442.8700 1251.1237 989.8055
483.1034 1280.8100 892.5041
523.3368 1310.4963 803.3458
563.5701 1340.1826 717.4073
603.8035 1369.8689 617.0221
644.0368 1399.5552 536.6604
684.2702 1429.2415 445.4884
724.5036 1458.9278 356.4263
764.7369 1488.6141 270.3635
804.9703 1518.3004 188.9060
845.2036 1547.9867 97.3869
885.4370 1577.6731 31.4357
292.4837 1202.2981 1266.9677
332.7170 1231.9844 1218.9937
372.9504 1261.6708 1132.9098
413.1837 1291.3571 1047.9888
453.4171 1321.0434 942.7523
493.6505 1350.7297 863.0192
533.8838 1380.4160 781.2712
574.1172 1410.1023 682.3922
614.3505 1439.7886 596.0516
654.5839 1469.4749 515.6782
694.8173 1499.1612 433.0553
735.0506 1528.8475 344.2431
775.2840 1558.5338 256.4136
815.5173 1588.2201 177.8488
855.7507 1617.9064 94.5226
895.9841 1647.5927 31.1354
303.0307 1272.2178 1247.9927
343.2641 1301.9041 1188.3359
383.4974 1331.5904 1106.3000
423.7308 1361.2767 1001.8113
463.9642 1390.9630 922.0296
504.1975 1420.6493 841.6729
544.4309 1450.3356 758.7537
584.6642 1480.0219 666.7944
624.8976 1509.7082 581.3864
665.1310 1539.3946 499.4348
705.3643 1569.0809 421.7954
745.5977 1598.7672 339.7504
785.8310 1628.4535 261.7151
826.0644 1658.1398 182.5825
866.2978 1687.8261 103.4978
906.5311 1717.5124 45.1818
313.5778 1342.1375 1228.3721
353.8111 1371.8238 1167.2058
394.0445 1401.5101 1070.8978
434.2778 1431.1964 983.4047
474.5112 1460.8827 901.2814
514.7446 1490.5690 820.7118
554.9779 1520.2553 741.3477
595.2113 1549.9416 659.3542
635.4446 1579.6279 581.1788
675.6780 1609.3142 504.4595
715.9114 1639.0005 428.7542
756.1447 1668.6868 352.7663
796.3781 1698.3731 272.6733
836.6114 1728.0594 198.1350
876.8448 1757.7457 124.3358
917.0782 1787.4321 56.1036
324.1248 1412.0571 1220.2607
364.3582 1441.7434 1146.8512
404.5915 1471.4297 1065.5457
444.8249 1501.1161 983.0840
485.0583 1530.8024 901.1970
525.2916 1560.4887 823.0530
565.5250 1590.1750 744.7391
605.7583 1619.8613 668.2432
645.9917 1649.5476 592.9003
686.2251 1679.2339 518.7164
726.4584 1708.9202 444.1221
766.6918 1738.6065 369.1345
806.9251 1768.2928 295.7032
847.1585 1797.9791 226.5793
887.3919 1827.6654 152.4396
927.6252 1857.3517 79.1904
967.8586 1887.0380 29.6746
294.4385 1452.2905 1264.2679
334.6719 1481.9768 1203.8849
374.9052 1511.6631 1126.1979
415.1386 1541.3494 1049.6837
455.3720 1571.0357 975.3940
495.6053 1600.7220 900.9291
535.8387 1630.4083 830.0394
576.0720 1660.0946 758.8630
616.3054 1689.7809 683.1846
656.5388 1719.4672 615.4391
696.7721 1749.1535 541.0145
737.0055 1778.8399 471.3353
777.2388 1808.5262 398.2056
817.4722 1838.2125 326.0140
857.7056 1867.8988 253.9768
897.9389 1897.5851 180.0783
938.1723 1927.2714 106.5564
978.4056 1956.9577 40.4124
304.9856 1522.2102 1260.4553
345.2189 1551.8965 1206.9187
385.4523 1581.5828 1130.2015
425.6857 1611.2691 1055.7245
465.9190 1640.9554 989.3428
506.1524 1670.6417 917.7440
546.3857 1700.3280 848.9905
586.6191 1730.0143 781.0502
626.8525 1759.7006 712.1341
667.0858 1789.3869 641.5753
707.3192 1819.0732 569.9695
747.5525 1848.7595 501.3347
787.7859 1878.4458 427.3460
828.0193 1908.1321 352.9163
868.2526 1937.8184 277.4529
908.4860 1967.5047 202.7338
948.7193 1997.1910 125.4624
988.9527 2026.8774 54.2040
1029.1861 2056.5637 28.4091
315.5326 1592.1298 1260.8171
355.7660 1621.8161 1208.0101
395.9993 1651.5024 1143.9731
436.2327 1681.1887 1074.8787
476.4661 1710.8750 1013.3691
516.6994 1740.5614 944.7760
556.9328 1770.2477 880.7963
597.1661 1799.9340 812.9304
637.3995 1829.6203 746.3552
677.6329 1859.3066 673.2509
717.8662 1888.9929 602.9600
758.0996 1918.6792 528.9434
798.3329 1948.3655 455.9304
838.5663 1978.0518 376.5257
878.7997 2007.7381 300.8414
919.0330 2037.4244 221.4612
959.2664 2067.1107 143.7550
999.4997 2096.7970 60.3056
1039.7331 2126.4833 23.0780
326.0797 1662.0495 1267.6957
366.3130 1691.7358 1220.5671
406.5464 1721.4221 1170.6276
446.7798 1751.1084 1105.4518
487.0131 1780.7947 1044.2598
527.2465 1810.4810 981.0394
567.4798 1840.1673 914.5568
607.7132 1869.8536 851.0158
647.9466 1899.5399 776.4554
688.1799 1929.2262 702.9413
728.4133 1958.9125 627.5256
768.6466 1988.5989 552.4462
808.8800 2018.2852 474.5721
849.1134 2047.9715 397.3425
889.3467 2077.6578 316.1687
929.5801 2107.3441 230.3785
969.8134 2137.0304 125.2613
1010.0468 2166.7167 74.1120
1050.2802 2196.4030 36.9630
376.8601 1761.6555 1245.5083
417.0935 1791.3418 1194.9398
457.3268 1821.0281 1144.7225
497.5602 1850.7144 1081.6594
537.7935 1880.4007 1016.6659
578.0269 1910.0870 948.3845
618.2603 1939.7733 879.1510
658.4936 1969.4596 805.1786
698.7270 1999.1459 728.1382
738.9603 2028.8322 650.0275
779.1937 2058.5185 568.7217
819.4271 2088.2048 486.8984
859.6604 2117.8911 409.5246
899.8938 2147.5774 325.0717
940.1271 2177.2637 232.4172
980.3605 2206.9500 111.3728
1020.5939 2236.6363 64.9644
1060.8272 2266.3227 40.9254
427.6405 1861.2614 1236.6648
467.8739 1890.9477 1181.0411
508.1072 1920.6340 1117.1086
548.3406 1950.3204 1051.3323
588.5740 1980.0067 977.1349
628.8073 2009.6930 902.0024
669.0407 2039.3793 822.3619
709.2740 2069.0656 743.4426
749.5074 2098.7519 663.0770
789.7408 2128.4382 577.6428
829.9741 2158.1245 491.6792
870.2075 2187.8108 406.9545
910.4408 2217.4971 320.8546
950.6742 2247.1834 212.1720
990.9076 2276.8697 120.5440
1031.1409 2306.5560 64.5110
438.1876 1931.1811 1256.9363
478.4209 1960.8674 1212.0498
518.6543 1990.5537 1148.2999
558.8876 2020.2400 1072.9121
599.1210 2049.9263 989.4722
639.3544 2079.6126 914.8569
679.5877 2109.2989 830.3726
719.8211 2138.9852 745.7384
760.0544 2168.6715 660.8238
800.2878 2198.3578 573.7474
840.5212 2228.0442 488.0053
880.7545 2257.7305 396.1104
920.9879 2287.4168 315.4569
961.2212 2317.1031 205.8533
1001.4546 2346.7894 111.9697
488.9680 2030.7871 1235.2797
529.2013 2060.4734 1164.2994
569.4347 2090.1597 1082.4943
609.6681 2119.8460 997.7076
649.9014 2149.5323 912.6349
690.1348 2179.2186 827.8621
730.3681 2208.9049 739.4374
770.6015 2238.5912 653.8496
810.8349 2268.2775 557.7569
851.0682 2297.9638 471.0303
891.3016 2327.6501 378.6824
931.5349 2357.3364 271.1990
971.7683 2387.0227 166.2990
499.5150 2100.7067 1236.3400
539.7484 2130.3930 1165.0850
579.9818 2160.0793 1079.2811
620.2151 2189.7657 986.7166
660.4485 2219.4520 903.4464
700.6818 2249.1383 817.6611
740.9152 2278.8246 722.0722
781.1486 2308.5109 628.7045
821.3819 2338.1972 535.9714
861.6153 2367.8835 437.2444
901.8486 2397.5698 328.9072
942.0820 2427.2561 220.1999
510.0621 2170.6264 1230.0371
550.2955 2200.3127 1150.2087
590.5288 2229.9990 1066.7124
630.7622 2259.6853 968.7562
670.9955 2289.3716 884.2609
711.2289 2319.0579 794.0602
751.4623 2348.7442 700.6795
791.6956 2378.4305 603.7557
831.9290 2408.1168 499.9051
872.1623 2437.8032 389.9973
912.3957 2467.4895 277.6116
520.6091 2240.5461 1209.5765
560.8425 2270.2324 1131.6205
601.0759 2299.9187 1049.1259
641.3092 2329.6050 962.0624
681.5426 2359.2913 871.2929
721.7759 2388.9776 776.4878
762.0093 2418.6639 675.9415
802.2427 2448.3502 568.7607
842.4760 2478.0365 456.2518
882.7094 2507.7228 340.6603
531.1562 2310.4657 1205.3536
571.3896 2340.1520 1128.7141
611.6229 2369.8383 1044.2419
651.8563 2399.5246 953.3604
692.0896 2429.2110 856.8140
732.3230 2458.8973 753.1893
772.5564 2488.5836 642.3478
812.7897 2518.2699 526.1411
853.0231 2547.9562 407.1044
