-316.1086 -1173.0156 133.2091
-275.8752 -1143.3293 235.0782
-235.6418 -1113.6430 338.7656
-195.4085 -1083.9567 444.5195
-155.1751 -1054.2704 549.9843
-114.9418 -1024.5841 651.4606
-74.7084 -994.8978 742.8579
-34.4750 -965.2115 808.7939
5.7583 -935.5252 859.8629
45.9917 -905.8389 904.8857
86.2250 -876.1526 951.8632
126.4584 -846.4663 1008.1498
166.6918 -816.7800 1081.0686
206.9251 -787.0937 1155.8085
247.1585 -757.4074 1222.7357
-345.7949 -1132.7823 104.3094
-305.5615 -1103.0960 202.8725
-265.3282 -1073.4097 301.7914
-225.0948 -1043.7234 402.1779
-184.8614 -1014.0370 503.1949
-144.6281 -984.3507 602.8666
-104.3947 -954.6644 690.2615
-64.1614 -924.9781 760.8303
-23.9280 -895.2918 819.5562
16.3054 -865.6055 873.2660
56.5387 -835.9192 928.5589
96.7721 -806.2329 992.1114
137.0055 -776.5466 1069.6285
177.2388 -746.8603 1153.1851
217.4722 -717.1740 1220.5640
-375.4812 -1092.5489 76.8011
-335.2478 -1062.8626 171.9580
-295.0145 -1033.1763 266.1839
-254.7811 -1003.4900 361.8897
-214.5477 -973.8037 459.5124
-174.3144 -944.1174 559.0549
-134.0810 -914.4311 642.0247
-93.8477 -884.7448 714.2327
-53.6143 -855.0585 779.7368
-13.3809 -825.3722 842.2764
26.8524 -795.6859 905.4163
67.0858 -765.9996 971.9664
107.3191 -736.3132 1045.2782
147.5525 -706.6269 1142.6996
187.7859 -676.9406 1219.2576
-405.1675 -1052.3155 53.0341
-364.9341 -1022.6292 143.7811
-324.7008 -992.9429 232.5958
-284.4674 -963.2566 322.5657
-244.2340 -933.5703 415.1328
-204.0007 -903.8840 512.1583
-163.7673 -874.1977 592.9449
-123.5340 -844.5114 668.2769
-83.3006 -814.8251 740.8899
-43.0672 -785.1388 812.1869
-2.8339 -755.4525 883.5777
37.3995 -725.7662 957.3321
77.6328 -696.0799 1037.8448
117.8662 -666.3936 1127.5099
158.0996 -636.7073 1201.0714
-434.8538 -1012.0822 34.3044
-394.6204 -982.3959 118.9463
-354.3871 -952.7096 200.9676
-314.1537 -923.0233 283.2505
-273.9203 -893.3370 366.9670
-233.6870 -863.6507 453.3547
-193.4536 -833.9644 539.5041
-153.2203 -804.2781 622.3499
-112.9869 -774.5917 703.4946
-72.7535 -744.9054 783.8371
-32.5202 -715.2191 863.7253
7.7132 -685.5328 944.0162
47.9465 -655.8465 1024.8977
88.1799 -626.1602 1104.7133
128.4133 -596.4739 1190.3245
168.6466 -566.7876 1261.4282
-464.5401 -971.8488 20.4983
-424.3067 -942.1625 98.0343
-384.0734 -912.4762 172.6103
-343.8400 -882.7899 246.2451
-303.6067 -853.1036 317.9538
-263.3733 -823.4173 391.6684
-223.1399 -793.7310 486.1627
-182.9066 -764.0447 577.0270
-142.6732 -734.3584 667.9236
-102.4399 -704.6721 757.3427
-62.2065 -674.9858 844.5374
-21.9731 -645.2995 928.9319
18.2602 -615.6132 1011.7645
58.4936 -585.9269 1093.9391
98.7270 -556.2406 1175.3097
138.9603 -526.5542 1237.0839
-453.9930 -901.9292 81.2948
-413.7597 -872.2429 149.1738
-373.5263 -842.5566 216.7420
-333.2930 -812.8702 280.4577
-293.0596 -783.1839 334.6248
-252.8262 -753.4976 432.6448
-212.5929 -723.8113 533.6237
-172.3595 -694.1250 635.1361
-132.1262 -664.4387 731.9313
-91.8928 -634.7524 823.8601
-51.6594 -605.0661 911.3064
-11.4261 -575.3798 995.1118
28.8073 -545.6935 1075.5662
69.0406 -516.0072 1148.5599
109.2740 -486.3209 1202.8787
149.5074 -456.6346 1256.0203
-483.6793 -861.6958 67.9675
-443.4460 -832.0095 130.8585
-403.2126 -802.3232 196.7056
-362.9793 -772.6369 265.5431
-322.7459 -742.9506 311.3253
-282.5125 -713.2643 384.2126
-242.2792 -683.5780 498.6315
-202.0458 -653.8917 606.0215
-161.8125 -624.2054 707.3343
-121.5791 -594.5191 802.2486
-81.3457 -564.8328 890.6858
-41.1124 -535.1464 972.8015
-0.8790 -505.4601 1048.4281
39.3543 -475.7738 1116.8618
79.5877 -446.0875 1180.5935
119.8211 -416.4012 1246.6760
-513.3656 -821.4624 56.7921
-473.1323 -791.7761 112.9335
-432.8989 -762.0898 172.6582
-392.6656 -732.4035 235.3761
-352.4322 -702.7172 283.6913
-312.1988 -673.0309 354.0657
-271.9655 -643.3446 457.3213
-231.7321 -613.6583 576.3292
-191.4988 -583.9720 682.7458
-151.2654 -554.2857 779.7317
-111.0320 -524.5994 867.5087
-70.7987 -494.9131 946.8158
-30.5653 -465.2268 1018.5422
9.6680 -435.5405 1084.7438
49.9014 -405.8542 1149.8417
90.1348 -376.1679 1217.7571
-543.0520 -781.2291 48.7175
-502.8186 -751.5428 103.4000
-462.5852 -721.8565 165.3775
-422.3519 -692.1702 216.1913
-382.1185 -662.4839 266.8349
-341.8852 -632.7976 336.3636
-301.6518 -603.1113 418.3696
-261.4184 -573.4249 543.2187
-221.1851 -543.7386 657.2365
-180.9517 -514.0523 755.9992
-140.7184 -484.3660 842.5211
-100.4850 -454.6797 919.4955
-60.2516 -424.9934 988.7147
-20.0183 -395.3071 1052.3226
20.2151 -365.6208 1112.6694
60.4484 -335.9345 1171.4631
100.6818 -306.2482 1237.9673
-572.7383 -740.9957 37.5400
-532.5049 -711.3094 85.4260
-492.2715 -681.6231 148.1895
-452.0382 -651.9368 197.8751
-411.8048 -622.2505 253.6618
-371.5715 -592.5642 325.0578
-331.3381 -562.8779 406.0976
-291.1047 -533.1916 509.1100
-250.8714 -503.5053 632.3201
-210.6380 -473.8190 730.1885
-170.4047 -444.1327 816.0241
-130.1713 -414.4464 891.8997
-89.9379 -384.7601 959.3236
-49.7046 -355.0738 1020.3510
-9.4712 -325.3874 1077.7693
30.7621 -295.7011 1136.5638
70.9955 -266.0148 1203.5524
-602.4246 -700.7624 28.8937
-562.1912 -671.0761 82.7147
-521.9578 -641.3898 128.5790
-481.7245 -611.7034 180.9044
-441.4911 -582.0171 245.0441
-401.2578 -552.3308 327.1858
-361.0244 -522.6445 408.8153
-320.7910 -492.9582 511.2935
-280.5577 -463.2719 601.8958
-240.3243 -433.5856 701.4933
-200.0910 -403.8993 789.2126
-159.8576 -374.2130 864.6446
-119.6242 -344.5267 930.7516
-79.3909 -314.8404 990.3817
-39.1575 -285.1541 1046.4895
1.0758 -255.4678 1102.6189
41.3092 -225.7815 1162.8362
81.5426 -196.0952 1239.2944
-632.1109 -660.5290 17.6783
-591.8775 -630.8427 61.8550
-551.6441 -601.1564 119.6606
-511.4108 -571.4701 183.3019
-471.1774 -541.7838 249.3909
-430.9441 -512.0975 319.2959
-390.7107 -482.4112 403.7612
-350.4773 -452.7249 497.0180
-310.2440 -423.0386 583.1697
-270.0106 -393.3523 680.2176
-229.7773 -363.6659 764.0630
-189.5439 -333.9796 837.7267
-149.3105 -304.2933 902.9532
-109.0772 -274.6070 962.0755
-68.8438 -244.9207 1017.9962
-28.6105 -215.2344 1074.1962
11.6229 -185.5481 1134.7244
51.8563 -155.8618 1202.4066
-621.5638 -590.6093 54.1625
-581.3305 -560.9230 113.1835
-541.0971 -531.2367 184.5902
-500.8637 -501.5504 240.7172
-460.6304 -471.8641 317.2213
-420.3970 -442.1778 408.2166
-380.1637 -412.4915 485.2843
-339.9303 -382.8052 576.7086
-299.6969 -353.1189 656.3449
-259.4636 -323.4326 739.1343
-219.2302 -293.7463 811.3684
-178.9969 -264.0600 875.8040
-138.7635 -234.3737 934.6572
-98.5301 -204.6874 990.9467
-58.2968 -175.0011 1047.7244
-18.0634 -145.3148 1107.2991
22.1699 -115.6285 1170.7354
62.4033 -85.9421 1239.1666
-651.2501 -550.3760 38.8145
-611.0168 -520.6897 96.4949
-570.7834 -491.0034 171.8994
-530.5500 -461.3171 246.0443
-490.3167 -431.6308 325.8796
-450.0833 -401.9445 398.4442
-409.8500 -372.2581 472.8597
-369.6166 -342.5718 563.2438
-329.3832 -312.8855 635.1971
-289.1499 -283.1992 714.4614
-248.9165 -253.5129 785.8303
-208.6832 -223.8266 848.5659
-168.4498 -194.1403 906.9189
-128.2164 -164.4540 963.6643
-87.9831 -134.7677 1021.0325
-47.7497 -105.0814 1079.7498
-7.5164 -75.3951 1139.3197
32.7170 -45.7088 1198.1666
-680.9364 -510.1426 27.6523
-640.7031 -480.4563 102.6321
-600.4697 -450.7700 166.6403
-560.2363 -421.0837 245.2168
-520.0030 -391.3974 322.9720
-479.7696 -361.7111 386.6403
-439.5363 -332.0248 456.4336
-399.3029 -302.3385 548.1579
-359.0695 -272.6522 628.2707
-318.8362 -242.9659 690.0347
-278.6028 -213.2796 759.5631
-238.3695 -183.5933 819.6540
-198.1361 -153.9070 877.5585
-157.9027 -124.2206 935.2299
-117.6694 -94.5343 993.1692
-77.4360 -64.8480 1051.1383
-37.2027 -35.1617 1109.3127
3.0307 -5.4754 1169.1866
43.2641 24.2109 1234.1188
-710.6227 -469.9093 24.7571
-670.3894 -440.2230 91.8468
-630.1560 -410.5366 169.7026
-589.9227 -380.8503 239.3661
-549.6893 -351.1640 306.2964
-509.4559 -321.4777 372.9915
-469.2226 -291.7914 441.6982
-428.9892 -262.1051 538.9694
-388.7558 -232.4188 601.0262
-348.5225 -202.7325 656.1236
-308.2891 -173.0462 726.0286
-268.0558 -143.3599 786.9742
-227.8224 -113.6736 846.7001
-187.5890 -83.9873 906.2037
-147.3557 -54.3010 964.4061
-107.1223 -24.6147 1021.7042
-66.8890 5.0716 1079.6637
-26.6556 34.7579 1139.7607
13.5778 64.4442 1200.7147
53.8111 94.1305 1254.6641
-740.3090 -429.6759 25.5934
-700.0757 -399.9896 87.9927
-659.8423 -370.3033 158.0683
-619.6090 -340.6170 225.2759
-579.3756 -310.9307 288.7242
-539.1422 -281.2444 353.5023
-498.9089 -251.5581 422.5970
-458.6755 -221.8718 500.6203
-418.4422 -192.1855 590.4330
-378.2088 -162.4991 637.2905
-337.9754 -132.8128 706.7198
-297.7421 -103.1265 753.4958
-257.5087 -73.4402 816.4503
-217.2754 -43.7539 877.4057
-177.0420 -14.0676 934.5671
-136.8086 15.6187 990.4923
-96.5753 45.3050 1047.5023
-56.3419 74.9913 1105.8248
-16.1086 104.6776 1162.7815
24.1248 134.3639 1214.7268
-729.7620 -359.7562 83.3588
-689.5286 -330.0699 154.0528
-649.2953 -300.3836 206.7006
-609.0619 -270.6973 274.3605
-568.8285 -241.0110 341.7304
-528.5952 -211.3247 401.7100
-488.3618 -181.6384 465.5516
-448.1285 -151.9521 549.0692
-407.8951 -122.2658 603.0897
-367.6617 -92.5795 663.4012
-327.4284 -62.8932 729.0469
-287.1950 -33.2069 791.2026
-246.9617 -3.5206 848.2770
-206.7283 26.1657 902.3199
-166.4949 55.8520 956.6158
-126.2616 85.5383 1012.6813
-86.0282 115.2247 1070.1106
-45.7949 144.9110 1127.3851
-5.5615 174.5973 1184.9098
34.6719 204.2836 1241.8831
74.9052 233.9699 1255.1523
-759.4483 -319.5229 78.5943
-719.2149 -289.8366 140.2357
-678.9816 -260.1503 189.6826
-638.7482 -230.4640 260.8462
-598.5148 -200.7776 324.9310
-558.2815 -171.0913 394.7689
-518.0481 -141.4050 441.3560
-477.8148 -111.7187 493.4239
-437.5814 -82.0324 555.1640
-397.3480 -52.3461 622.8976
-357.1147 -22.6598 682.9783
-316.8813 7.0265 758.9680
-276.6480 36.7128 813.9794
-236.4146 66.3991 866.4879
-196.1812 96.0854 921.2610
-155.9479 125.7717 978.5463
-115.7145 155.4580 1036.0895
-75.4812 185.1443 1093.0437
-35.2478 214.8306 1149.3234
4.9856 244.5169 1202.8385
45.2189 274.2032 1248.0941
-789.1346 -279.2895 67.4609
-748.9012 -249.6032 111.9277
-708.6679 -219.9169 171.9092
-668.4345 -190.2306 236.7880
-628.2012 -160.5443 305.8236
-587.9678 -130.8580 370.9384
-547.7344 -101.1717 432.1293
-507.5011 -71.4854 487.8865
-467.2677 -41.7991 521.3923
-427.0344 -12.1128 576.4802
-386.8010 17.5735 613.5228
-346.5676 47.2598 703.9861
-306.3343 76.9462 768.3492
-266.1009 106.6325 827.7144
-225.8675 136.3188 888.3403
-185.6342 166.0051 948.1202
-145.4008 195.6914 1005.1710
-105.1675 225.3777 1059.4260
-64.9341 255.0640 1111.2942
-24.7007 284.7503 1161.8114
15.5326 314.4366 1219.2560
-818.8209 -239.0561 46.3802
-778.5875 -209.3698 99.9931
-738.3542 -179.6835 167.4138
-698.1208 -149.9972 218.6838
-657.8875 -120.3109 284.7370
-617.6541 -90.6246 342.4205
-577.4207 -60.9383 396.1840
-537.1874 -31.2520 457.9497
-496.9540 -1.5657 523.9066
-456.7207 28.1206 548.8553
-416.4873 57.8069 583.8391
-376.2539 87.4932 661.4744
-336.0206 117.1795 718.9282
-295.7872 146.8658 791.0856
-255.5539 176.5521 861.1996
-215.3205 206.2384 923.0661
-175.0871 235.9247 977.7977
-134.8538 265.6110 1028.2883
-94.6204 295.2973 1077.6503
-54.3871 324.9837 1129.1785
-14.1537 354.6700 1186.4208
26.0797 384.3563 1250.5259
-848.5072 -198.8228 30.3389
-808.2738 -169.1365 87.0429
-768.0405 -139.4502 150.6244
-727.8071 -109.7639 199.6774
-687.5738 -80.0776 260.8474
-647.3404 -50.3913 321.8345
-607.1070 -20.7050 375.0066
-566.8737 8.9813 424.1136
-526.6403 38.6677 487.3822
-486.4070 68.3540 555.0041
-446.1736 98.0403 568.4064
-405.9402 127.7266 629.2423
-365.7069 157.4129 682.7162
-325.4735 187.0992 770.1307
-285.2402 216.7855 843.0235
-245.0068 246.4718 902.9607
-204.7734 276.1581 954.0828
-164.5401 305.8444 1000.7672
-124.3067 335.5307 1048.1404
-84.0734 365.2170 1100.2717
-43.8400 394.9033 1159.2531
-3.6066 424.5896 1224.7100
-878.1935 -158.5894 13.3102
-837.9601 -128.9031 66.3300
-797.7268 -99.2168 121.3358
-757.4934 -69.5305 162.3315
-717.2601 -39.8442 208.5249
-677.0267 -10.1579 271.3253
-636.7933 19.5284 335.2097
-596.5600 49.2147 376.6654
-556.3266 78.9010 435.7957
-516.0933 108.5873 505.3668
-475.8599 138.2736 564.4990
-435.6265 167.9599 614.5427
-395.3932 197.6462 701.3423
-355.1598 227.3325 767.8713
-314.9265 257.0188 828.7117
-274.6931 286.7052 885.5895
-234.4597 316.3915 933.6927
-194.2264 346.0778 977.7991
-153.9930 375.7641 1022.8027
-113.7597 405.4504 1072.8590
-73.5263 435.1367 1131.1229
-33.2929 464.8230 1195.4941
-867.6465 -88.6698 45.0277
-827.4131 -58.9835 93.7641
-787.1797 -29.2972 138.4566
-746.9464 0.3892 170.6960
-706.7130 30.0755 224.9205
-666.4797 59.7618 293.7740
-626.2463 89.4481 357.1549
-586.0129 119.1344 409.8618
-545.7796 148.8207 467.4113
-505.5462 178.5070 543.6403
-465.3129 208.1933 608.9880
-425.0795 237.8796 669.3392
-384.8461 267.5659 743.6367
-344.6128 297.2522 810.5911
-304.3794 326.9385 868.8370
-264.1461 356.6248 915.2214
-223.9127 386.3111 957.4470
-183.6793 415.9974 1000.5920
-143.4460 445.6837 1048.2112
-103.2126 475.3700 1102.4454
-62.9792 505.0563 1165.0417
-22.7459 534.7426 1243.8245
-897.3328 -48.4364 26.1221
-857.0994 -18.7501 74.0022
-816.8660 10.9362 124.1805
-776.6327 40.6225 177.3946
-736.3993 70.3088 213.9141
-696.1660 99.9951 260.0787
-655.9326 129.6814 311.8778
-615.6992 159.3677 383.7158
-575.4659 189.0540 451.1350
-535.2325 218.7403 504.3191
-494.9992 248.4266 582.8790
-454.7658 278.1130 652.3731
-414.5324 307.7993 717.6241
-374.2991 337.4856 787.5266
-334.0657 367.1719 847.3184
-293.8324 396.8582 894.3644
-253.5990 426.5445 937.1273
-213.3656 456.2308 979.9339
-173.1323 485.9171 1025.7333
-132.8989 515.6034 1077.5168
-92.6656 545.2897 1140.2443
-52.4322 574.9760 1218.4731
-886.7857 21.4833 51.8496
-846.5523 51.1696 97.1298
-806.3190 80.8559 140.4560
-766.0856 110.5422 171.9872
-725.8523 140.2285 238.3499
-685.6189 169.9148 296.1043
-645.3855 199.6011 349.1147
-605.1522 229.2874 409.9874
-564.9188 258.9737 498.1740
-524.6855 288.6600 549.4913
-484.4521 318.3463 618.0495
-444.2187 348.0326 684.7839
-403.9854 377.7189 760.1699
-363.7520 407.4052 817.5776
-323.5187 437.0915 868.6117
-283.2853 466.7778 915.8022
-243.0519 496.4641 960.5942
-202.8186 526.1505 1005.1836
-162.5852 555.8368 1053.1134
-122.3519 585.5231 1107.5551
-82.1185 615.2094 1166.9540
-41.8851 644.8957 1231.9576
-916.4720 61.7166 31.3357
-876.2386 91.4029 73.5673
-836.0053 121.0892 116.7610
-795.7719 150.7755 160.4411
-755.5386 180.4618 193.9202
-715.3052 210.1481 252.0719
-675.0718 239.8345 324.1957
-634.8385 269.5208 395.0251
-594.6051 299.2071 449.2743
-554.3718 328.8934 529.5858
-514.1384 358.5797 585.9106
-473.9050 388.2660 663.2132
-433.6717 417.9523 717.2091
-393.4383 447.6386 780.5421
-353.2050 477.3249 839.5878
-312.9716 507.0112 893.8337
-272.7382 536.6975 942.3245
-232.5049 566.3838 984.3287
-192.2715 596.0701 1026.4072
-152.0382 625.7564 1073.3063
-111.8048 655.4427 1129.1500
-71.5714 685.1290 1198.9341
-31.3381 714.8153 1261.0886
-946.1583 101.9500 13.1183
-905.9250 131.6363 52.3680
-865.6916 161.3226 92.8988
-825.4582 191.0089 134.4579
-785.2249 220.6952 175.9545
-744.9915 250.3815 237.0907
-704.7582 280.0678 289.3222
-664.5248 309.7541 354.5612
-624.2914 339.4404 436.3857
-584.0581 369.1267 492.7226
-543.8247 398.8130 558.4186
-503.5914 428.4993 623.7004
-463.3580 458.1856 683.4446
-423.1246 487.8720 746.2319
-382.8913 517.5583 809.9564
-342.6579 547.2446 870.7957
-302.4246 576.9309 923.5818
-262.1912 606.6172 961.2587
-221.9578 636.3035 999.1699
-181.7245 665.9898 1040.9565
-141.4911 695.6761 1089.1261
-101.2577 725.3624 1145.9158
-61.0244 755.0487 1226.5839
-935.6113 171.8696 34.1504
-895.3779 201.5560 71.5076
-855.1445 231.2423 109.8849
-814.9112 260.9286 149.2461
-774.6778 290.6149 193.2047
-734.4445 320.3012 248.2294
-694.2111 349.9875 333.0274
-653.9777 379.6738 389.1587
-613.7444 409.3601 452.3474
-573.5110 439.0464 530.5974
-533.2777 468.7327 582.9660
-493.0443 498.4190 659.6876
-452.8109 528.1053 711.5485
-412.5776 557.7916 782.8073
-372.3442 587.4779 846.0503
-332.1109 617.1642 895.5695
-291.8775 646.8505 936.0076
-251.6441 676.5368 973.8925
-211.4108 706.2231 1013.1752
-171.1774 735.9094 1057.3499
-130.9441 765.5958 1112.0985
-90.7107 795.2821 1181.0812
-50.4773 824.9684 1249.9109
-965.2976 212.1030 19.7251
-925.0642 241.7893 54.9479
-884.8308 271.4756 91.9421
-844.5975 301.1619 132.2866
-804.3641 330.8482 179.6259
-764.1308 360.5345 237.4109
-723.8974 390.2208 290.9841
-683.6640 419.9071 351.1694
-643.4307 449.5935 437.4111
-603.1973 479.2798 490.0068
-562.9640 508.9661 548.3619
-522.7306 538.6524 632.0903
-482.4972 568.3387 675.1151
-442.2639 598.0250 762.5635
-402.0305 627.7113 820.9028
-361.7972 657.3976 864.3488
-321.5638 687.0839 910.9467
-281.3304 716.7702 952.0692
-241.0971 746.4565 990.7098
-200.8637 776.1428 1031.3335
-160.6304 805.8291 1079.6617
-120.3970 835.5154 1141.8691
-80.1636 865.2017 1218.9105
-39.9303 894.8880 1257.3064
-954.7505 282.0227 42.4789
-914.5172 311.7090 78.1657
-874.2838 341.3953 117.4446
-834.0504 371.0816 162.2005
-793.8171 400.7679 212.1303
-753.5837 430.4542 261.2069
-713.3503 460.1405 333.5568
-673.1170 489.8268 397.5054
-632.8836 519.5131 450.6391
-592.6503 549.1994 522.9883
-552.4169 578.8857 593.6993
-512.1835 608.5720 642.7940
-471.9502 638.2583 731.9095
-431.7168 667.9446 786.3161
-391.4835 697.6309 835.8572
-351.2501 727.3173 888.6041
-311.0167 757.0036 933.4750
-270.7834 786.6899 972.4362
-230.5500 816.3762 1009.4543
-190.3167 846.0625 1048.8572
-150.0833 875.7488 1101.1699
-109.8499 905.4351 1160.5579
-69.6166 935.1214 1234.9716
-984.4368 322.2560 33.1348
-944.2035 351.9423 67.4825
-903.9701 381.6286 105.2095
-863.7367 411.3150 147.9444
-823.5034 441.0013 196.6511
-783.2700 470.6876 251.1458
-743.0367 500.3739 301.7001
-702.8033 530.0602 353.7559
-662.5699 559.7465 413.3235
-622.3366 589.4328 500.8485
-582.1032 619.1191 538.2208
-541.8699 648.8054 601.9503
-501.6365 678.4917 685.3887
-461.4031 708.1780 740.4866
-421.1698 737.8643 804.4376
-380.9364 767.5506 868.1138
-340.7031 797.2369 916.4719
-300.4697 826.9232 955.3801
-260.2363 856.6095 989.6802
-220.0030 886.2958 1025.5852
-179.7696 915.9821 1070.0586
-139.5363 945.6684 1127.3269
-99.3029 975.3548 1204.3448
-1014.1231 362.4894 26.0588
-973.8898 392.1757 58.9606
-933.6564 421.8620 94.6494
-893.4230 451.5483 134.1977
-853.1897 481.2346 177.9732
-812.9563 510.9209 224.3808
-772.7230 540.6072 267.6793
-732.4896 570.2935 312.4828
-692.2562 599.9798 396.4830
-652.0229 629.6661 458.8090
-611.7895 659.3524 505.3803
-571.5562 689.0388 565.4847
-531.3228 718.7251 650.4891
-491.0894 748.4114 698.1393
-450.8561 778.0977 767.4483
-410.6227 807.7840 842.4885
-370.3894 837.4703 895.5219
-330.1560 867.1566 934.8438
-289.9226 896.8429 969.1967
-249.6893 926.5292 1004.5070
-209.4559 956.2155 1045.7942
-169.2226 985.9018 1097.2050
-128.9892 1015.5881 1160.0227
-88.7558 1045.2744 1237.6459
-1043.8094 402.7228 20.7718
-1003.5761 432.4091 52.1543
-963.3427 462.0954 85.7839
-923.1093 491.7817 122.3512
-882.8760 521.4680 162.2281
-842.6426 551.1543 205.3016
-802.4093 580.8406 252.1878
-762.1759 610.5269 307.2266
-721.9425 640.2132 367.1519
-681.7092 669.8995 415.8892
-641.4758 699.5858 465.3083
-601.2425 729.2721 526.4496
-561.0091 758.9584 606.8289
-520.7757 788.6447 653.0504
-480.5424 818.3310 728.1628
-440.3090 848.0173 815.1484
-400.0757 877.7036 866.1690
-359.8423 907.3899 908.5699
-319.6089 937.0763 946.3787
-279.3756 966.7626 983.0203
-239.1422 996.4489 1022.8760
-198.9089 1026.1352 1069.9259
-158.6755 1055.8215 1128.6265
-118.4421 1085.5078 1201.7054
-1073.4957 442.9561 17.0173
-1033.2624 472.6424 46.8082
-993.0290 502.3287 78.4891
-952.7957 532.0150 112.5143
-912.5623 561.7013 149.2726
-872.3289 591.3876 189.1782
-832.0956 621.0739 233.2534
-791.8622 650.7603 284.1539
-751.6288 680.4466 337.5158
-711.3955 710.1329 377.9231
-671.1621 739.8192 431.0111
-630.9288 769.5055 497.2102
-590.6954 799.1918 570.4346
-550.4620 828.8781 619.0674
-510.2287 858.5644 680.8256
-469.9953 888.2507 753.4809
-429.7620 917.9370 823.4084
-389.5286 947.6233 877.1339
-349.2952 977.3096 920.5076
-309.0619 1006.9959 959.4321
-268.8285 1036.6822 998.6674
-228.5952 1066.3685 1042.3813
-188.3618 1096.0548 1093.9390
-148.1284 1125.7411 1153.8633
-107.8951 1155.4274 1220.0212
-1103.1820 483.1895 14.6321
-1062.9487 512.8758 42.7240
-1022.7153 542.5621 72.4790
-982.4820 572.2484 104.2036
-942.2486 601.9347 138.2039
-902.0152 631.6210 174.9009
-861.7819 661.3073 215.0032
-821.5485 690.9936 259.2505
-781.3152 720.6799 307.6553
-741.0818 750.3662 351.2166
-700.8484 780.0525 404.5005
-660.6151 809.7388 457.2975
-620.3817 839.4251 524.7106
-580.1484 869.1114 589.7564
-539.9150 898.7977 646.1618
-499.6816 928.4841 729.1978
-459.4483 958.1704 785.5523
-419.2149 987.8567 841.7139
-378.9816 1017.5430 889.9715
-338.7482 1047.2293 932.4515
-298.5148 1076.9156 972.3428
-258.2815 1106.6019 1012.7426
-218.0481 1136.2882 1056.7655
-177.8148 1165.9745 1108.2080
-137.5814 1195.6608 1172.2927
-97.3480 1225.3471 1242.2009
-1132.8683 523.4228 13.4540
-1092.6350 553.1091 39.7483
-1052.4016 582.7954 67.5198
-1012.1683 612.4818 97.0015
-971.9349 642.1681 128.3949
-931.7015 671.8544 161.9812
-891.4682 701.5407 198.1679
-851.2348 731.2270 237.3261
-811.0015 760.9133 279.3560
-770.7681 790.5996 323.9036
-730.5347 820.2859 370.9103
-690.3014 849.9722 427.7219
-650.0680 879.6585 485.2612
-609.8347 909.3448 556.7260
-569.6013 939.0311 610.6608
-529.3679 968.7174 685.5381
-489.1346 998.4037 753.4331
-448.9012 1028.0900 807.8149
-408.6679 1057.7763 857.9471
-368.4345 1087.4626 903.3161
-328.2011 1117.1489 943.9692
-287.9678 1146.8352 982.0918
-247.7344 1176.5216 1020.5175
-207.5011 1206.2079 1062.6282
-167.2677 1235.8942 1114.2789
-127.0343 1265.5805 1196.1752
-86.8010 1295.2668 1259.1595
-1162.5546 563.6562 13.2574
-1122.3213 593.3425 37.7173
-1082.0879 623.0288 63.4533
-1041.8546 652.7151 90.6835
-1001.6212 682.4014 119.5502
-961.3878 712.0877 150.2266
-921.1545 741.7740 182.9293
-880.9211 771.4603 217.9224
-840.6878 801.1466 255.2564
-800.4544 830.8329 295.0148
-760.2210 860.5192 337.1982
-719.9877 890.2056 391.2439
-679.7543 919.8919 449.3434
-639.5210 949.5782 509.2549
-599.2876 979.2645 583.7352
-559.0542 1008.9508 645.3162
-518.8209 1038.6371 711.5881
-478.5875 1068.3234 769.0902
-438.3542 1098.0097 825.1959
-398.1208 1127.6960 872.6550
-357.8874 1157.3823 913.7217
-317.6541 1187.0686 950.9535
-277.4207 1216.7549 987.2367
-237.1874 1246.4412 1026.9829
-196.9540 1276.1275 1076.9395
-156.7206 1305.8138 1143.1305
-116.4873 1335.5001 1216.2128
-1192.2410 603.8896 13.7512
-1152.0076 633.5759 36.4006
-1111.7742 663.2622 60.0949
-1071.5409 692.9485 85.0563
-1031.3075 722.6348 111.4348
-991.0742 752.3211 139.3770
-950.8408 782.0074 169.1108
-910.6074 811.6937 201.0651
-870.3741 841.3800 236.0032
-830.1407 871.0663 275.2615
-789.9074 900.7526 321.0059
-749.6740 930.4389 372.0658
-709.4406 960.1252 421.4739
-669.2073 989.8115 470.6966
-628.9739 1019.4978 531.0725
-588.7405 1049.1841 594.4723
-548.5072 1078.8704 672.9458
-508.2738 1108.5567 738.0533
-468.0405 1138.2431 791.9422
-427.8071 1167.9294 839.0462
-387.5737 1197.6157 881.1686
-347.3404 1227.3020 919.4017
-307.1070 1256.9883 956.4898
-266.8737 1286.6746 996.3480
-226.6403 1316.3609 1043.2007
-186.4069 1346.0472 1099.9871
-146.1736 1375.7335 1168.1219
-105.9402 1405.4198 1235.0416
-1221.9273 644.1229 14.5959
-1181.6939 673.8092 35.5059
-1141.4605 703.4955 57.1993
-1101.2272 733.1818 79.9010
-1060.9938 762.8681 103.7825
-1020.7605 792.5544 129.0008
-980.5271 822.2407 155.8160
-940.2937 851.9271 184.7033
-900.0604 881.6134 216.5818
-859.8270 911.2997 252.6482
-819.5937 940.9860 293.9580
-779.3603 970.6723 338.5435
-739.1269 1000.3586 388.6304
-698.8936 1030.0449 445.2085
-658.6602 1059.7312 494.6893
-618.4269 1089.4175 551.4587
-578.1935 1119.1038 623.8479
-537.9601 1148.7901 692.8406
-497.7268 1178.4764 749.0755
-457.4934 1208.1627 800.8105
-417.2601 1237.8490 845.7338
-377.0267 1267.5353 886.1212
-336.7933 1297.2216 925.3915
-296.5600 1326.9079 966.5358
-256.3266 1356.5942 1011.2328
-216.0933 1386.2805 1059.9247
-175.8599 1415.9669 1115.2109
-135.6265 1445.6532 1192.6074
-95.3932 1475.3395 1260.3676
-1251.6136 684.3563 15.4462
-1211.3802 714.0426 34.7141
-1171.1468 743.7289 54.4828
-1130.9135 773.4152 74.9645
-1090.6801 803.1015 96.3370
-1050.4468 832.7878 118.7546
-1010.2134 862.4741 142.4314
-969.9800 892.1604 167.7005
-929.7467 921.8467 195.0578
-889.5133 951.5330 224.7953
-849.2800 981.2193 256.1537
-809.0466 1010.9056 286.2116
-768.8132 1040.5919 311.7563
-728.5799 1070.2782 375.7046
-688.3465 1099.9646 445.0615
-648.1132 1129.6509 507.0321
-607.8798 1159.3372 576.1904
-567.6464 1189.0235 631.9024
-527.4131 1218.7098 694.4818
-487.1797 1248.3961 756.9803
-446.9464 1278.0824 805.1739
-406.7130 1307.7687 848.5045
-366.4796 1337.4550 890.8823
-326.2463 1367.1413 934.6451
-286.0129 1396.8276 980.8046
-245.7796 1426.5139 1029.8835
-205.5462 1456.2002 1083.0222
-165.3128 1485.8865 1142.5879
-125.0795 1515.5728 1217.0061
-1281.2999 724.5896 15.9804
-1241.0665 754.2759 33.7151
-1200.8331 783.9622 51.6603
-1160.5998 813.6486 69.9972
-1120.3664 843.3349 88.8905
-1080.1331 873.0212 108.4704
-1039.8997 902.7075 128.8754
-999.6663 932.3938 150.2531
-959.4330 962.0801 172.7493
-919.1996 991.7664 196.2568
-878.9663 1021.4527 220.0547
-838.7329 1051.1390 243.2288
-798.4995 1080.8253 268.0205
-758.2662 1110.5116 308.5393
-718.0328 1140.1979 372.9709
-677.7995 1169.8842 445.3698
-637.5661 1199.5705 511.7120
-597.3327 1229.2568 580.7366
-557.0994 1258.9431 646.3462
-516.8660 1288.6294 701.8574
-476.6327 1318.3157 756.1101
-436.3993 1348.0020 804.3571
-396.1659 1377.6884 851.1787
-355.9326 1407.3747 899.0491
-315.6992 1437.0610 949.5204
-275.4659 1466.7473 1003.8264
-235.2325 1496.4336 1062.2186
-194.9991 1526.1199 1120.9694
-154.7658 1555.8062 1164.3265
-114.5324 1585.4925 1233.7665
-1310.9862 764.8230 15.9395
-1270.7528 794.5093 32.2545
-1230.5195 824.1956 48.4988
-1190.2861 853.8819 64.8088
-1150.0527 883.5682 81.3219
-1109.8194 913.2545 98.1447
-1069.5860 942.9408 115.3509
-1029.3527 972.6271 132.9735
-989.1193 1002.3134 150.9800
-948.8859 1031.9997 169.2458
-908.6526 1061.6860 187.5730
-868.4192 1091.3724 206.2867
-828.1859 1121.0587 227.6394
-787.9525 1150.7450 254.7231
-747.7191 1180.4313 283.2456
-707.4858 1210.1176 368.9058
-667.2524 1239.8039 445.6921
-627.0191 1269.4902 513.9012
-586.7857 1299.1765 581.6478
-546.5523 1328.8628 647.1381
-506.3190 1358.5491 700.6691
-466.0856 1388.2354 753.0999
-425.8522 1417.9217 805.5088
-385.6189 1447.6080 858.5203
-345.3855 1477.2943 914.3989
-305.1522 1506.9806 974.3781
-264.9188 1536.6669 1037.4121
-224.6854 1566.3532 1098.5986
-184.4521 1596.0395 1150.4635
-144.2187 1625.7259 1193.7174
-103.9854 1655.4122 1259.6237
-1340.6725 805.0564 15.1431
-1300.4391 834.7427 30.1508
-1260.2058 864.4290 44.8321
-1219.9724 894.1153 59.2716
-1179.7390 923.8016 73.5727
-1139.5057 953.4879 87.8231
-1099.2723 983.1742 102.0693
-1059.0390 1012.8605 116.3008
-1018.8056 1042.5468 130.4356
-978.5722 1072.2331 144.3912
-938.3389 1101.9194 158.2236
-898.1055 1131.6057 172.5025
-857.8722 1161.2920 188.6537
-817.6388 1190.9783 208.3615
-777.4054 1220.6646 232.0260
-737.1721 1250.3509 291.8154
-696.9387 1280.0372 373.9424
-656.7054 1309.7235 445.5233
-616.4720 1339.4099 514.9354
-576.2386 1369.0962 571.4223
-536.0053 1398.7825 631.7258
-495.7719 1428.4688 696.1466
-455.5386 1458.1551 754.0710
-415.3052 1487.8414 812.1210
-375.0718 1517.5277 873.4765
-334.8385 1547.2140 938.1454
-294.6051 1576.9003 1005.0856
-254.3718 1606.5866 1072.6519
-214.1384 1636.2729 1136.0554
-173.9050 1665.9592 1172.3046
-133.6717 1695.6455 1229.4431
-1370.3588 845.2897 13.4974
-1330.1254 874.9760 27.3054
-1289.8921 904.6623 40.5704
-1249.6587 934.3486 53.3227
-1209.4253 964.0349 65.6293
-1169.1920 993.7212 77.5642
-1128.9586 1023.4075 89.1747
-1088.7253 1053.0939 100.4659
-1048.4919 1082.7802 111.3801
-1008.2585 1112.4665 121.8935
-968.0252 1142.1528 132.1747
-927.7918 1171.8391 142.8788
-887.5585 1201.5254 155.4341
-847.3251 1231.2117 172.2085
-807.0917 1260.8980 197.3766
-766.8584 1290.5843 243.4178
-726.6250 1320.2706 296.6731
-686.3917 1349.9569 374.1311
-646.1583 1379.6432 433.4135
-605.9249 1409.3295 503.9659
-565.6916 1439.0158 568.8066
-525.4582 1468.7021 635.4093
-485.2249 1498.3884 695.3678
-444.9915 1528.0747 759.9618
-404.7581 1557.7610 827.1677
-364.5248 1587.4474 895.4914
-324.2914 1617.1337 964.1513
-284.0581 1646.8200 1031.9744
-243.8247 1676.5063 1096.6118
-203.5913 1706.1926 1155.7987
-163.3580 1735.8789 1205.5665
-1359.8117 915.2094 23.6937
-1319.5784 944.8957 35.6896
-1279.3450 974.5820 46.9509
-1239.1116 1004.2683 57.5091
-1198.8783 1033.9546 67.4273
-1158.6449 1063.6409 76.7683
-1118.4116 1093.3272 85.5827
-1078.1782 1123.0135 93.8874
-1037.9448 1152.6998 101.7310
-997.7115 1182.3861 109.3338
-957.4781 1212.0724 117.3084
-917.2448 1241.7587 126.9310
-877.0114 1271.4450 140.2748
-836.7780 1301.1314 160.3331
-796.5447 1330.8177 191.1795
-756.3113 1360.5040 247.0376
-716.0780 1390.1903 308.4072
-675.8446 1419.8766 374.5971
-635.6112 1449.5629 437.5778
-595.3779 1479.2492 505.0775
-555.1445 1508.9355 555.4672
-514.9112 1538.6218 631.4271
-474.6778 1568.3081 705.3469
-434.4444 1597.9944 777.0375
-394.2111 1627.6807 847.5488
-353.9777 1657.3670 916.7327
-313.7444 1687.0533 983.4785
-273.5110 1716.7396 1046.5956
-233.2776 1746.4259 1109.2643
-193.0443 1776.1122 1194.3002
-152.8109 1805.7985 1246.7393
-1389.4980 955.4427 19.3407
-1349.2647 985.1290 30.2086
-1309.0313 1014.8154 40.1722
-1268.7980 1044.5017 49.2318
-1228.5646 1074.1880 57.4412
-1188.3312 1103.8743 64.8828
-1148.0979 1133.5606 71.6610
-1107.8645 1163.2469 77.8854
-1067.6312 1192.9332 83.7023
-1027.3978 1222.6195 89.3880
-987.1644 1252.3058 95.5209
-946.9311 1281.9921 103.2731
-906.6977 1311.6784 114.7111
-866.4644 1341.3647 133.0433
-826.2310 1371.0510 162.9461
-785.9976 1400.7373 209.5405
-745.7643 1430.4236 254.6300
-705.5309 1460.1099 314.7176
-665.2976 1489.7962 375.4268
-625.0642 1519.4825 444.5312
-584.8308 1549.1688 506.8532
-544.5975 1578.8552 577.6279
-504.3641 1608.5415 651.0172
-464.1308 1638.2278 724.1582
-423.8974 1667.9141 795.9399
-383.6640 1697.6004 865.9920
-343.4307 1727.2867 934.2572
-303.1973 1756.9730 1002.1150
-262.9639 1786.6593 1073.7583
-222.7306 1816.3456 1151.9056
-182.4972 1846.0319 1226.3699
-1419.1843 995.6761 14.3042
-1378.9510 1025.3624 24.1738
-1338.7176 1055.0487 33.0173
-1298.4843 1084.7350 40.8097
-1258.2509 1114.4213 47.5964
-1218.0175 1144.1076 53.4763
-1177.7842 1173.7939 58.6015
-1137.5508 1203.4802 63.1669
-1097.3175 1233.1665 67.4180
-1057.0841 1262.8529 71.7053
-1016.8507 1292.5392 76.5825
-976.6174 1322.2255 83.0758
-936.3840 1351.9118 92.9865
-896.1507 1381.5981 109.0205
-855.9173 1411.2844 134.3154
-815.6839 1440.9707 170.1062
-775.4506 1470.6570 210.4366
-735.2172 1500.3433 266.2167
-694.9839 1530.0296 329.3724
-654.7505 1559.7159 397.6324
-614.5171 1589.4022 461.0014
-574.2838 1619.0885 528.5098
-534.0504 1648.7748 598.6202
-493.8171 1678.4611 670.8913
-453.5837 1708.1474 743.3278
-413.3503 1737.8337 815.2012
-373.1170 1767.5200 886.8931
-332.8836 1797.2063 959.8535
-292.6503 1826.8927 1036.0061
-252.4169 1856.5790 1115.6838
-212.1835 1886.2653 1195.9796
-171.9502 1915.9516 1250.7760
-1408.6373 1065.5958 17.6511
-1368.4039 1095.2821 25.5329
-1328.1706 1124.9684 32.2609
-1287.9372 1154.6547 37.8722
-1247.7038 1184.3410 42.4768
-1207.4705 1214.0273 46.2596
-1167.2371 1243.7136 49.4795
-1127.0038 1273.3999 52.4622
-1086.7704 1303.0862 55.6247
-1046.5370 1332.7725 59.5088
-1006.3037 1362.4588 64.9652
-966.0703 1392.1451 73.4129
-925.8370 1421.8314 86.9318
-885.6036 1451.5177 107.8496
-845.3702 1481.2040 137.4463
-805.1369 1510.8903 175.1417
-764.9035 1540.5767 223.8423
-724.6702 1570.2630 281.5417
-684.4368 1599.9493 344.8037
-644.2034 1629.6356 409.8606
-603.9701 1659.3219 480.0672
-563.7367 1689.0082 548.1605
-523.5034 1718.6945 619.0628
-483.2700 1748.3808 692.0109
-443.0366 1778.0671 766.1529
-402.8033 1807.7534 841.3123
-362.5699 1837.4397 917.8748
-322.3366 1867.1260 995.6463
-282.1032 1896.8123 1073.1810
-241.8698 1926.4986 1150.0751
-201.6365 1956.1849 1237.9875
-1398.0902 1135.5154 17.7742
-1357.8569 1165.2017 23.6148
-1317.6235 1194.8880 28.2604
-1277.3902 1224.5744 31.8252
-1237.1568 1254.2607 34.5133
-1196.9234 1283.9470 36.6209
-1156.6901 1313.6333 38.5273
-1116.4567 1343.3196 40.6959
-1076.2233 1373.0059 43.6626
-1035.9900 1402.6922 48.1404
-995.7566 1432.3785 55.2025
-955.5233 1462.0648 66.4453
-915.2899 1491.7511 83.8174
-875.0565 1521.4374 109.0149
-834.8232 1551.1237 142.9206
-794.5898 1580.8100 185.2981
-754.3565 1610.4963 228.4121
-714.1231 1640.1826 294.9553
-673.8897 1669.8689 367.7145
-633.6564 1699.5552 431.3591
-593.4230 1729.2415 498.3562
-553.1897 1758.9278 569.1779
-512.9563 1788.6142 643.2380
-472.7229 1818.3005 719.4169
-432.4896 1847.9868 797.0320
-392.2562 1877.6731 875.8289
-352.0229 1907.3594 955.3469
-311.7895 1937.0457 1035.2095
-271.5561 1966.7320 1116.1198
-231.3228 1996.4183 1199.0814
-1387.5432 1205.4351 14.9126
-1347.3098 1235.1214 18.7765
-1307.0765 1264.8077 21.5018
-1266.8431 1294.4940 23.2988
-1226.6097 1324.1803 24.4818
-1186.3764 1353.8666 25.4576
-1146.1430 1383.5529 26.7172
-1105.9097 1413.2392 28.7933
-1065.6763 1442.9255 32.3037
-1025.4429 1472.6118 38.0680
-985.2096 1502.2982 47.2926
-944.9762 1531.9845 61.5848
-904.7429 1561.6708 82.6036
-864.5095 1591.3571 111.3646
-824.2761 1621.0434 147.3813
-784.0428 1650.7297 187.7984
-743.8094 1680.4160 248.9290
-703.5761 1710.1023 314.7643
-663.3427 1739.7886 383.7337
-623.1093 1769.4749 456.6105
-582.8760 1799.1612 521.9592
-542.6426 1828.8475 597.3870
-502.4093 1858.5338 675.0699
-462.1759 1888.2201 754.1667
-421.9425 1917.9064 834.7029
-381.7092 1947.5927 916.7276
-341.4758 1977.2790 1000.2922
-301.2424 2006.9653 1085.8849
-261.0091 2036.6516 1173.0618
-220.7757 2066.3380 1255.6313
-1296.5294 1334.7274 12.6084
-1256.2960 1364.4137 13.0439
-1216.0627 1394.1000 13.2376
-1175.8293 1423.7863 13.6939
-1135.5960 1453.4726 14.9500
-1095.3626 1483.1589 17.5684
-1055.1292 1512.8452 22.2021
-1014.8959 1542.5315 29.7484
-974.6625 1572.2178 41.5157
-934.4292 1601.9041 59.0855
-894.1958 1631.5904 83.9024
-853.9624 1661.2767 116.7742
-813.7291 1690.9630 158.4231
-773.4957 1720.6493 212.1523
-733.2624 1750.3357 270.1365
-693.0290 1780.0220 335.0463
-652.7956 1809.7083 407.0174
-612.5623 1839.3946 474.8686
-572.3289 1869.0809 554.5512
-532.0956 1898.7672 632.5751
-491.8622 1928.4535 713.0197
-451.6288 1958.1398 795.4357
-411.3955 1987.8261 880.1970
-371.1621 2017.5124 966.7253
-330.9288 2047.1987 1054.2661
-290.6954 2076.8850 1140.7111
-250.4620 2106.5713 1222.5721
-1044.5822 1582.7649 14.2757
-1004.3488 1612.4512 24.1780
-964.1155 1642.1375 39.0350
-923.8821 1671.8238 60.4060
-883.6487 1701.5101 89.4660
-843.4154 1731.1964 126.5184
-803.1820 1760.8827 170.2278
-762.9487 1790.5690 215.9581
-722.7153 1820.2553 283.9701
-682.4819 1849.9416 355.1410
-642.2486 1879.6279 430.1125
-602.0152 1909.3142 507.8277
-561.7819 1939.0005 590.5977
-521.5485 1968.6868 673.8943
-481.3151 1998.3731 758.8641
-441.0818 2028.0595 845.6541
-400.8484 2057.7458 933.6796
-360.6151 2087.4321 1021.9962
-320.3817 2117.1184 1109.6364
-280.1483 2146.8047 1196.8898
-993.8018 1682.3708 22.9211
-953.5684 1712.0571 41.6369
-913.3350 1741.7435 67.3020
-873.1017 1771.4298 100.4865
-832.8683 1801.1161 140.4751
-792.6350 1830.8024 185.6363
-752.4016 1860.4887 240.8513
-712.1682 1890.1750 316.4353
-671.9349 1919.8613 394.8889
-631.7015 1949.5476 472.3155
-591.4682 1979.2339 552.4315
-551.2348 2008.9202 636.3512
-511.0014 2038.6065 723.1385
-470.7681 2068.2928 811.5480
-430.5347 2097.9791 900.7350
-390.3014 2127.6654 990.0941
-350.0680 2157.3517 1079.3728
-309.8346 2187.0380 1168.6587
-269.6013 2216.7243 1257.4836
-983.2547 1752.2905 27.6228
-943.0214 1781.9768 50.9527
-902.7880 1811.6631 81.3914
-862.5546 1841.3494 119.2083
-822.3213 1871.0357 164.2768
-782.0879 1900.7220 217.5181
-741.8546 1930.4083 281.9804
-701.6212 1960.0946 358.3904
-661.3878 1989.7810 438.9664
-621.1545 2019.4673 515.8917
-580.9211 2049.1536 600.8233
-540.6878 2078.8399 688.8141
-500.4544 2108.5262 778.2291
-460.2210 2138.2125 868.4130
-419.9877 2167.8988 958.9102
-379.7543 2197.5851 1049.4515
-339.5210 2227.2714 1139.7791
-299.2876 2256.9577 1229.5925
-1012.9410 1792.5239 17.1214
-972.7077 1822.2102 39.2586
-932.4743 1851.8965 67.8167
-892.2409 1881.5828 103.4676
-852.0076 1911.2691 146.3771
-811.7742 1940.9554 196.2452
-771.5409 1970.6417 252.2280
-731.3075 2000.3280 318.6284
-691.0741 2030.0143 401.9406
-650.8408 2059.7006 484.4731
-610.6074 2089.3869 568.2034
-570.3741 2119.0732 655.9583
-530.1407 2148.7595 745.8859
-489.9073 2178.4458 836.9600
-449.6740 2208.1321 928.4177
-409.4406 2237.8185 1019.8972
-369.2073 2267.5048 1111.2203
-328.9739 2297.1911 1202.3136
-1002.3940 1862.4435 29.9489
-962.1606 1892.1298 57.5568
-921.9272 1921.8161 91.5003
-881.6939 1951.5025 132.0595
-841.4605 1981.1888 179.0022
-801.2272 2010.8751 231.9107
-760.9938 2040.5614 293.0960
-720.7604 2070.2477 364.6233
-680.5271 2099.9340 449.1326
-640.2937 2129.6203 536.1368
-600.0604 2159.3066 623.7699
-559.8270 2188.9929 714.4609
-519.5936 2218.6792 806.3737
-479.3603 2248.3655 898.5632
-439.1269 2278.0518 990.8080
-398.8936 2307.7381 1083.0663
-358.6602 2337.4244 1175.3215
-1032.0803 1902.6769 20.2547
-991.8469 1932.3632 47.7021
-951.6135 1962.0495 80.6613
-911.3802 1991.7358 119.3385
-871.1468 2021.4221 163.5462
-830.9135 2051.1084 212.8529
-790.6801 2080.7947 266.5890
-750.4467 2110.4810 329.9206
-710.2134 2140.1673 408.9987
-669.9800 2169.8536 500.8757
-629.7467 2199.5399 590.6488
-589.5133 2229.2263 683.6325
-549.2799 2258.9126 776.3510
-509.0466 2288.5989 869.0898
-468.8132 2318.2852 962.1108
-428.5799 2347.9715 1055.2661
-388.3465 2377.6578 1148.5117
-1021.5332 1972.5966 35.3379
-981.2999 2002.2829 67.9117
-941.0665 2031.9692 105.4031
-900.8331 2061.6555 147.7990
-860.5998 2091.3418 195.1849
-820.3664 2121.0281 248.2195
-780.1331 2150.7144 308.5717
-739.8997 2180.4007 380.3362
-699.6663 2210.0870 466.2383
-659.4330 2239.7733 556.8261
-619.1996 2269.4596 652.2809
-578.9663 2299.1459 745.7695
-538.7329 2328.8322 839.6492
-498.4995 2358.5185 933.7108
-458.2662 2388.2048 1027.7821
-418.0328 2417.8911 1121.7837
-1051.2195 2012.8299 18.4928
-1010.9862 2042.5162 50.7966
-970.7528 2072.2025 87.2801
-930.5194 2101.8888 128.0426
-890.2861 2131.5751 173.5961
-850.0527 2161.2614 225.0934
-809.8194 2190.9478 283.6584
-769.5860 2220.6341 349.4809
-729.3526 2250.3204 421.7788
-689.1193 2280.0067 516.3753
-648.8859 2309.6930 615.4526
-608.6526 2339.3793 713.6563
-568.4192 2369.0656 810.1848
-528.1858 2398.7519 905.5917
-487.9525 2428.4382 1000.4338
-447.7191 2458.1245 1095.0740
