-40.3396 -1715.1886 335.7163
-0.1063 -1685.5023 367.3896
40.1271 -1655.8160 399.0857
80.3605 -1626.1296 430.7877
120.5938 -1596.4433 462.4986
160.8272 -1566.7570 494.2603
201.0605 -1537.0707 526.1334
241.2939 -1507.3844 558.1805
281.5273 -1477.6981 590.4321
321.7606 -1448.0118 622.8906
361.9940 -1418.3255 655.5081
402.2273 -1388.6392 688.1849
442.4607 -1358.9529 720.7524
482.6941 -1329.2666 753.0419
522.9274 -1299.5803 784.9871
563.1608 -1269.8940 816.7845
603.3941 -1240.2077 849.0393
643.6275 -1210.5214 882.8129
683.8609 -1180.8351 919.2735
724.0942 -1151.1488 959.0103
764.3276 -1121.4625 1001.8686
804.5609 -1091.7762 1046.9753
844.7943 -1062.0898 1093.4171
885.0277 -1032.4035 1140.2035
925.2610 -1002.7172 1186.3969
965.4944 -973.0309 1231.1787
-70.0259 -1674.9552 312.3669
-29.7926 -1645.2689 344.0005
10.4408 -1615.5826 375.6183
50.6742 -1585.8963 407.1962
90.9075 -1556.2100 438.7370
131.1409 -1526.5237 470.2816
171.3742 -1496.8374 501.8935
211.6076 -1467.1511 533.6401
251.8410 -1437.4648 565.5710
292.0743 -1407.7785 597.7098
332.3077 -1378.0922 630.0317
372.5410 -1348.4058 662.4437
412.7744 -1318.7195 694.7862
453.0078 -1289.0332 726.8984
493.2411 -1259.3469 758.7426
533.4745 -1229.6606 790.5771
573.7078 -1199.9743 823.0991
613.9412 -1170.2880 857.4145
654.1746 -1140.6017 894.6465
694.4079 -1110.9154 935.3435
734.6413 -1081.2291 979.2440
774.8746 -1051.5428 1025.4988
815.1080 -1021.8565 1073.1309
855.3414 -992.1702 1120.7889
895.5747 -962.4839 1167.3173
935.8081 -932.7976 1212.4049
976.0414 -903.1113 1256.0310
-99.7122 -1634.7218 289.0136
-59.4789 -1605.0355 320.6286
-19.2455 -1575.3492 352.1634
20.9878 -1545.6629 383.5924
61.2212 -1515.9766 414.9246
101.4546 -1486.2903 446.2068
141.6879 -1456.6040 477.5158
181.9213 -1426.9177 508.9355
222.1546 -1397.2314 540.5413
262.3880 -1367.5451 572.3810
302.6214 -1337.8588 604.4500
342.8547 -1308.1725 636.6520
383.0881 -1278.4862 668.8013
423.3214 -1248.7999 700.6812
463.5548 -1219.1136 732.1998
503.7882 -1189.4273 763.6343
544.0215 -1159.7410 795.8453
584.2549 -1130.0547 830.1304
624.4883 -1100.3683 867.7820
664.7216 -1070.6820 909.4572
704.9550 -1040.9957 954.8374
745.1883 -1011.3094 1003.0142
785.4217 -981.6231 1052.6761
825.6551 -951.9368 1101.7687
865.8884 -922.2505 1148.7572
906.1218 -892.5642 1194.4535
946.3551 -862.8779 1239.7654
-129.3985 -1594.4885 265.6675
-89.1652 -1564.8022 297.2897
-48.9318 -1535.1159 328.7366
-8.6985 -1505.4296 359.9860
31.5349 -1475.7433 391.0666
71.7683 -1446.0570 422.0436
112.0016 -1416.3707 453.0147
152.2350 -1386.6843 484.0868
192.4683 -1356.9980 515.3612
232.7017 -1327.3117 546.9103
272.9351 -1297.6254 578.7471
313.1684 -1267.9391 610.7783
353.4018 -1238.2528 642.7797
393.6351 -1208.5665 674.4562
433.8685 -1178.8802 705.6187
474.1019 -1149.1939 736.5539
514.3352 -1119.5076 768.2532
554.5686 -1089.8213 802.1804
594.8019 -1060.1350 839.8927
635.0353 -1030.4487 882.3982
675.2687 -1000.7624 929.4465
715.5020 -971.0761 979.9609
755.7354 -941.3898 1032.0223
795.9687 -911.7035 1082.7556
836.2021 -882.0172 1129.4377
876.4355 -852.3308 1175.8676
916.6688 -822.6445 1224.9382
-159.0848 -1554.2551 242.4112
-118.8515 -1524.5688 274.0524
-78.6181 -1494.8825 305.3926
-38.3848 -1465.1962 336.4249
1.8486 -1435.5099 367.2082
42.0820 -1405.8236 397.8383
82.3153 -1376.1373 428.4422
122.5487 -1346.4510 459.1526
162.7820 -1316.7647 490.0952
203.0154 -1287.0784 521.3682
243.2488 -1257.3921 553.0139
283.4821 -1227.7058 584.9669
323.7155 -1198.0195 616.9706
363.9488 -1168.3332 648.6678
404.1822 -1138.6468 679.7949
444.4156 -1108.9605 710.6417
484.6489 -1079.2742 742.1514
524.8823 -1049.5879 775.6268
565.1156 -1019.9016 812.9312
605.3490 -990.2153 855.8210
645.5824 -960.5290 904.4186
685.8157 -930.8427 957.3609
726.0491 -901.1564 1012.0682
766.2824 -871.4701 1064.3789
806.5158 -841.7838 1107.2070
846.7492 -812.0975 1155.1523
886.9825 -782.4112 1212.4073
927.2159 -752.7249 1258.9696
-188.7711 -1514.0218 219.3955
-148.5378 -1484.3355 251.0434
-108.3044 -1454.6492 282.2357
-68.0711 -1424.9628 312.9996
-27.8377 -1395.2765 343.4345
12.3957 -1365.5902 373.6768
52.6290 -1335.9039 403.8892
92.8624 -1306.2176 434.2328
133.0957 -1276.5313 464.8543
173.3291 -1246.8450 495.8850
213.5625 -1217.1587 527.4192
253.7958 -1187.4724 559.4525
294.0292 -1157.7861 591.7288
334.2625 -1128.0998 623.9138
374.4959 -1098.4135 655.7707
414.7293 -1068.7272 687.5446
454.9626 -1039.0409 719.7413
495.1960 -1009.3546 752.9981
535.4293 -979.6683 789.4482
575.6627 -949.9820 832.1199
615.8961 -920.2957 881.7381
656.1294 -890.6094 936.9893
696.3628 -860.9230 995.7553
736.5961 -831.2367 1049.6541
776.8295 -801.5504 1086.3096
817.0629 -771.8641 1133.8634
857.2962 -742.1778 1205.1615
897.5296 -712.4915 1251.2157
-218.4575 -1473.7884 196.8413
-178.2241 -1444.1021 228.4368
-137.9907 -1414.4158 259.4106
-97.7574 -1384.7295 289.8352
-57.5240 -1355.0432 319.8592
-17.2907 -1325.3569 349.6667
22.9427 -1295.6706 379.4586
63.1761 -1265.9843 409.4254
103.4094 -1236.2980 439.7304
143.6428 -1206.6117 470.5500
183.8761 -1176.9253 502.0540
224.1095 -1147.2390 534.3318
264.3429 -1117.5527 567.2289
304.5762 -1087.8664 600.6453
344.8096 -1058.1801 634.5270
385.0429 -1028.4938 668.8132
425.2763 -998.8075 702.9515
465.5097 -969.1212 736.3470
505.7430 -939.4349 771.3293
545.9764 -909.7486 813.0777
586.2097 -880.0623 862.7218
626.4431 -850.3760 919.2328
666.6765 -820.6897 981.4229
706.9098 -791.0034 1044.3125
747.1432 -761.3171 1072.0718
787.3766 -731.6308 1134.5626
827.6099 -701.9445 1197.9945
867.8433 -672.2582 1245.2048
-248.1438 -1433.5550 174.9974
-207.9104 -1403.8687 206.4283
-167.6770 -1374.1824 237.0810
-127.4437 -1344.4961 267.0738
-87.2103 -1314.8098 296.6079
-46.9770 -1285.1235 325.9192
-6.7436 -1255.4372 355.2470
33.4898 -1225.7509 384.8072
73.7231 -1196.0646 414.7688
113.9565 -1166.3783 445.3647
154.1898 -1136.6920 476.8619
194.4232 -1107.0057 509.4765
234.6566 -1077.3194 543.3479
274.8899 -1047.6331 578.9006
315.1233 -1017.9468 616.2818
355.3566 -988.2605 654.5911
395.5900 -958.5742 691.6209
435.8234 -928.8879 725.5062
476.0567 -899.2015 758.2196
516.2901 -869.5152 798.9269
556.5234 -839.8289 846.9354
596.7568 -810.1426 901.2656
636.9902 -780.4563 961.4585
677.2235 -750.7700 1019.8581
717.4569 -721.0837 1074.2771
757.6902 -691.3974 1139.7466
797.9236 -661.7111 1200.9832
838.1570 -632.0248 1254.1660
-277.8301 -1393.3217 154.0807
-237.5967 -1363.6354 185.1987
-197.3633 -1333.9491 215.4031
-157.1300 -1304.2628 244.8559
-116.8966 -1274.5765 273.8103
-76.6633 -1244.8902 302.5550
-36.4299 -1215.2039 331.3639
3.8035 -1185.5175 360.4602
44.0368 -1155.8312 389.9826
84.2702 -1126.1449 420.2219
124.5035 -1096.4586 451.5416
164.7369 -1066.7723 484.3133
204.9703 -1037.0860 519.2459
245.2036 -1007.3997 557.5500
285.4370 -977.7134 599.4824
325.6703 -948.0271 642.7672
365.9037 -918.3408 683.2993
406.1371 -888.6545 717.6464
446.3704 -858.9682 746.2371
486.6038 -829.2819 787.4312
526.8371 -799.5956 830.9578
567.0705 -769.9093 889.1188
607.3039 -740.2230 955.4430
647.5372 -710.5367 1009.0567
687.7706 -680.8504 1065.6445
728.0039 -651.1640 1141.8048
768.2373 -621.4777 1209.2179
808.4707 -591.7914 1266.5863
-307.5164 -1353.0883 134.3014
-267.2830 -1323.4020 164.9144
-227.0497 -1293.7157 194.5275
-186.8163 -1264.0294 223.3353
-146.5829 -1234.3431 251.6364
-106.3496 -1204.6568 279.7729
-66.1162 -1174.9705 308.0304
-25.8828 -1145.2842 336.5731
14.3505 -1115.5979 365.4314
54.5839 -1085.9116 394.9383
94.8172 -1056.2253 425.5578
135.0506 -1026.5390 457.8783
175.2840 -996.8527 493.5637
215.5173 -967.1664 534.8292
255.7507 -937.4800 581.7937
295.9840 -907.7937 630.7346
336.2174 -878.1074 675.7342
376.4508 -848.4211 709.0341
416.6841 -818.7348 745.4162
456.9175 -789.0485 786.2467
497.1508 -759.3622 833.3833
537.3842 -729.6759 893.7988
577.6176 -699.9896 961.9838
617.8509 -670.3033 1001.0699
658.0843 -640.6170 1049.1892
698.3176 -610.9307 1121.6581
738.5510 -581.2444 1205.8450
-337.2027 -1312.8550 115.7643
-296.9693 -1283.1687 145.7056
-256.7360 -1253.4824 174.6086
-216.5026 -1223.7960 202.6992
-176.2692 -1194.1097 230.3289
-136.0359 -1164.4234 257.8849
-95.8025 -1134.7371 285.5881
-55.5692 -1105.0508 313.4024
-15.3358 -1075.3645 341.1902
24.8976 -1045.6782 369.4224
65.1309 -1015.9919 398.7386
105.3643 -986.3056 430.0404
145.5976 -956.6193 466.1386
185.8310 -926.9330 510.3536
226.0644 -897.2467 562.1926
266.2977 -867.5604 617.2692
306.5311 -837.8741 660.1104
346.7644 -808.1878 697.7023
386.9978 -778.5015 737.1043
427.2312 -748.8152 780.7043
467.4645 -719.1289 830.8729
507.6979 -689.4425 885.0424
547.9312 -659.7562 939.6985
588.1646 -630.0699 984.1542
628.3980 -600.3836 1039.9857
668.6313 -570.6973 1113.8890
708.8647 -541.0110 1198.2017
749.0981 -511.3247 1287.7410
-366.8890 -1272.6216 98.4587
-326.6556 -1242.9353 127.6617
-286.4223 -1213.2490 155.8211
-246.1889 -1183.5627 183.2100
-205.9555 -1153.8764 210.2480
-165.7222 -1124.1901 237.3370
-125.4888 -1094.5038 264.4858
-85.2555 -1064.8175 291.3271
-45.0221 -1035.1312 317.6839
-4.7887 -1005.4449 344.4240
35.4446 -975.7585 372.3748
75.6780 -946.0722 402.3954
115.9113 -916.3859 437.9922
156.1447 -886.6996 484.2972
196.3781 -857.0133 540.0568
236.6114 -827.3270 590.7021
276.8448 -797.6407 635.9011
317.0781 -767.9544 678.4820
357.3115 -738.2681 721.6152
397.5449 -708.5818 767.4414
437.7782 -678.8955 816.3824
478.0116 -649.2092 866.3882
518.2449 -619.5229 916.4791
558.4783 -589.8366 971.7265
598.7117 -560.1503 1037.2212
638.9450 -530.4640 1109.1766
679.1784 -500.7777 1187.1952
719.4117 -471.0914 1271.9126
-396.5753 -1232.3882 82.2494
-356.3419 -1202.7019 110.8375
-316.1086 -1173.0156 138.3857
-275.8752 -1143.3293 165.2344
-235.6418 -1113.6430 191.8755
-195.4085 -1083.9567 218.6679
-155.1751 -1054.2704 245.0386
-114.9418 -1024.5841 270.9413
-74.7084 -994.8978 296.5225
-34.4750 -965.2115 322.3942
5.7583 -935.5252 348.8200
45.9917 -905.8389 376.7067
86.2250 -876.1526 411.7112
126.4584 -846.4663 457.4845
166.6918 -816.7800 508.0087
206.9251 -787.0937 557.8486
247.1585 -757.4074 606.1127
287.3918 -727.7211 653.2279
327.6252 -698.0347 700.0738
367.8586 -668.3484 747.5271
408.0919 -638.6621 795.7595
448.3253 -608.9758 844.6586
488.5586 -579.2895 894.4029
528.7920 -549.6032 954.0698
569.0254 -519.9169 1024.0645
609.2587 -490.2306 1096.9840
649.4921 -460.5443 1173.8387
689.7254 -430.8580 1250.8458
-426.2616 -1192.1549 67.0270
-386.0282 -1162.4686 95.2880
-345.7949 -1132.7823 122.5273
-305.5615 -1103.0960 149.1409
-265.3282 -1073.4097 175.6757
-225.0948 -1043.7234 202.4250
-184.8614 -1014.0370 228.6794
-144.6281 -984.3507 254.2333
-104.3947 -954.6644 279.7356
-64.1614 -924.9781 306.3741
-23.9280 -895.2918 331.5575
16.3054 -865.6055 355.6183
56.5387 -835.9192 382.7013
96.7721 -806.2329 426.3424
137.0055 -776.5466 475.0671
177.2388 -746.8603 526.1059
217.4722 -717.1740 577.1137
257.7055 -687.4877 626.9537
297.9389 -657.8014 675.4818
338.1723 -628.1151 724.9426
378.4056 -598.4288 773.3854
418.6390 -568.7425 822.4134
458.8723 -539.0562 872.6151
499.1057 -509.3699 931.2406
539.3391 -479.6836 998.7784
579.5724 -449.9972 1073.4127
619.8058 -420.3109 1151.9578
660.0391 -390.6246 1224.6144
-455.9479 -1151.9215 52.7849
-415.7145 -1122.2352 81.0976
-375.4812 -1092.5489 108.4818
-335.2478 -1062.8626 135.3761
-295.0145 -1033.1763 162.4071
-254.7811 -1003.4900 189.9903
-214.5477 -973.8037 216.6485
-174.3144 -944.1174 242.3833
-134.0810 -914.4311 268.7989
-93.8477 -884.7448 298.6623
-53.6143 -855.0585 321.7332
-13.3809 -825.3722 334.9709
26.8524 -795.6859 350.8755
67.0858 -765.9996 394.5760
107.3191 -736.3132 445.0236
147.5525 -706.6269 497.5212
187.7859 -676.9406 550.3997
228.0192 -647.2543 602.6271
268.2526 -617.5680 653.8481
308.4859 -587.8817 704.0871
348.7193 -558.1954 753.0089
388.9527 -528.5091 800.3864
429.1860 -498.8228 854.1544
469.4194 -469.1365 913.1299
509.6527 -439.4502 977.9582
549.8861 -409.7639 1045.0922
590.1195 -380.0776 1118.1455
630.3528 -350.3913 1190.7307
670.5862 -320.7050 1256.2961
-485.6342 -1111.6882 39.5482
-445.4008 -1082.0019 68.3314
-405.1675 -1052.3155 96.4670
-364.9341 -1022.6292 124.4493
-324.7008 -992.9429 153.0570
-284.4674 -963.2566 182.5406
-244.2340 -933.5703 210.2125
-204.0007 -903.8840 236.8284
-163.7673 -874.1977 265.6109
-123.5340 -844.5114 292.5152
-83.3006 -814.8251 315.0782
-43.0672 -785.1388 326.5952
-2.8339 -755.4525 340.9123
37.3995 -725.7662 375.2580
77.6328 -696.0799 422.4548
117.8662 -666.3936 474.1635
158.0996 -636.7073 527.1683
198.3329 -607.0210 580.5985
238.5663 -577.3347 634.8394
278.7996 -547.6484 688.1039
319.0330 -517.9621 739.1279
359.2664 -488.2757 782.0126
399.4997 -458.5894 843.1862
439.7331 -428.9031 912.0676
479.9664 -399.2168 975.3394
520.1998 -369.5305 1023.8525
560.4332 -339.8442 1079.5458
600.6665 -310.1579 1145.7999
640.8999 -280.4716 1224.9579
-515.3205 -1071.4548 27.0507
-475.0871 -1041.7685 56.6664
-434.8538 -1012.0822 86.2127
-394.6204 -982.3959 116.3120
-354.3871 -952.7096 147.8168
-314.1537 -923.0233 179.9738
-273.9203 -893.3370 209.3697
-233.6870 -863.6507 234.6098
-193.4536 -833.9644 259.5841
-153.2203 -804.2781 283.7378
-112.9869 -774.5917 306.5120
-72.7535 -744.9054 321.3669
-32.5202 -715.2191 336.6736
7.7132 -685.5328 367.0838
47.9465 -655.8465 408.4870
88.1799 -626.1602 456.2808
128.4133 -596.4739 507.7108
168.6466 -566.7876 561.8406
208.8800 -537.1013 618.4440
249.1133 -507.4150 676.5741
289.3467 -477.7287 731.2183
329.5801 -448.0424 783.6528
369.8134 -418.3561 847.4529
410.0468 -388.6698 921.4921
450.2801 -358.9835 991.3693
490.5135 -329.2972 1016.9192
530.7469 -299.6109 1051.5594
570.9802 -269.9246 1107.1216
611.2136 -240.2383 1193.0449
-545.0068 -1031.2214 14.5250
-504.7735 -1001.5351 45.3937
-464.5401 -971.8488 77.0682
-424.3067 -942.1625 110.2964
-384.0734 -912.4762 146.7474
-343.8400 -882.7899 182.8490
-303.6067 -853.1036 212.2988
-263.3733 -823.4173 232.7806
-223.1399 -793.7310 253.1841
-182.9066 -764.0447 272.7350
-142.6732 -734.3584 291.4286
-102.4399 -704.6721 315.6330
-62.2065 -674.9858 335.6822
-21.9731 -645.2995 363.5007
18.2602 -615.6132 398.9685
58.4936 -585.9269 441.6801
98.7270 -556.2406 490.9489
138.9603 -526.5542 545.8080
179.1937 -496.8679 604.8039
219.4270 -467.1816 666.4444
259.6604 -437.4953 727.1419
299.8938 -407.8090 788.6146
340.1271 -378.1227 853.5181
380.3605 -348.4364 920.7593
420.5938 -318.7501 980.2122
460.8272 -289.0638 1020.4841
501.0606 -259.3775 1053.5162
541.2939 -229.6912 1106.5360
581.5273 -200.0049 1172.0338
-534.4598 -961.3018 33.6753
-494.2264 -931.6155 68.0023
-453.9930 -901.9292 105.3187
-413.7597 -872.2429 147.2870
-373.5263 -842.5566 187.8653
-333.2930 -812.8702 213.7882
-293.0596 -783.1839 231.4220
-252.8262 -753.4976 248.8925
-212.5929 -723.8113 265.8909
-172.3595 -694.1250 284.5245
-132.1262 -664.4387 309.7954
-91.8928 -634.7524 331.6580
-51.6594 -605.0661 356.8104
-11.4261 -575.3798 388.8058
28.8073 -545.6935 428.8954
69.0406 -516.0072 477.0691
109.2740 -486.3209 532.7504
149.5074 -456.6346 596.0269
189.7407 -426.9483 663.5311
229.9741 -397.2620 728.1048
270.2074 -367.5757 791.9464
310.4408 -337.8894 854.8000
350.6742 -308.2031 915.0136
390.9075 -278.5168 969.5957
431.1409 -248.8304 1017.5726
471.3742 -219.1441 1061.1571
511.6076 -189.4578 1113.4760
551.8410 -159.7715 1168.1456
-564.1461 -921.0684 19.8836
-523.9127 -891.3821 56.4503
-483.6793 -861.6958 96.6168
-443.4460 -832.0095 141.4949
-403.2126 -802.3232 186.6313
-362.9793 -772.6369 214.8147
-322.7459 -742.9506 231.3088
-282.5125 -713.2643 248.4220
-242.2792 -683.5780 263.2057
-202.0458 -653.8917 279.5471
-161.8125 -624.2054 301.6947
-121.5791 -594.5191 321.1394
-81.3457 -564.8328 344.8632
-41.1124 -535.1464 375.8871
-0.8790 -505.4601 415.7279
39.3543 -475.7738 464.8494
79.5877 -446.0875 522.8412
119.8211 -416.4012 590.1624
160.0544 -386.7149 660.7861
200.2878 -357.0286 727.8643
240.5211 -327.3423 792.5339
280.7545 -297.6560 853.7670
320.9879 -267.9697 910.6373
361.2212 -238.2834 963.9932
401.4546 -208.5971 1015.6499
441.6879 -178.9108 1067.0990
481.9213 -149.2245 1126.4272
522.1547 -119.5382 1175.1235
-553.5990 -851.1487 40.2111
-513.3656 -821.4624 81.7437
-473.1323 -791.7761 127.5226
-432.8989 -762.0898 174.0398
-392.6656 -732.4035 209.6651
-352.4322 -702.7172 233.3604
-312.1988 -673.0309 251.0698
-271.9655 -643.3446 261.7895
-231.7321 -613.6583 271.5884
-191.4988 -583.9720 285.7971
-151.2654 -554.2857 303.8628
-111.0320 -524.5994 327.5359
-70.7987 -494.9131 359.2718
-30.5653 -465.2268 400.6451
9.6680 -435.5405 452.3721
49.9014 -405.8542 514.6227
90.1348 -376.1679 583.7283
130.3681 -346.4816 653.7696
170.6015 -316.7953 722.6204
210.8348 -287.1089 790.6614
251.0682 -257.4226 854.4734
291.3016 -227.7363 915.5353
331.5349 -198.0500 972.0202
371.7683 -168.3637 1025.9617
412.0016 -138.6774 1078.7046
452.2350 -108.9911 1130.2885
492.4684 -79.3048 1182.0349
532.7017 -49.6185 1232.1448
572.9351 -19.9322 1283.4453
-583.2853 -810.9154 20.9037
-543.0520 -781.2291 62.3620
-502.8186 -751.5428 107.3073
-462.5852 -721.8565 156.7577
-422.3519 -692.1702 200.7821
-382.1185 -662.4839 231.1517
-341.8852 -632.7976 249.2975
-301.6518 -603.1113 258.3919
-261.4184 -573.4249 260.6421
-221.1851 -543.7386 269.1702
-180.9517 -514.0523 283.5181
-140.7184 -484.3660 306.2758
-100.4850 -454.6797 339.1227
-60.2516 -424.9934 382.8983
-20.0183 -395.3071 436.8675
20.2151 -365.6208 499.1866
60.4484 -335.9345 568.7701
100.6818 -306.2482 636.7055
140.9152 -276.5619 710.7437
181.1485 -246.8756 786.5311
221.3819 -217.1893 859.0275
261.6153 -187.5030 921.5897
301.8486 -157.8167 978.7074
342.0820 -128.1304 1033.4340
382.3153 -98.4441 1088.2358
422.5487 -68.7578 1141.9203
462.7821 -39.0714 1190.9479
503.0154 -9.3851 1229.9327
543.2488 20.3012 1267.6702
-572.7383 -740.9957 39.1834
-532.5049 -711.3094 86.7625
-492.2715 -681.6231 136.3700
-452.0382 -651.9368 183.6263
-411.8048 -622.2505 221.9682
-371.5715 -592.5642 241.3159
-331.3381 -562.8779 248.7065
-291.1047 -533.1916 252.4507
-250.8714 -503.5053 255.0087
-210.6380 -473.8190 263.0532
-170.4047 -444.1327 283.3587
-130.1713 -414.4464 316.5389
-89.9379 -384.7601 362.3131
-49.7046 -355.0738 419.4117
-9.4712 -325.3874 481.0140
30.7621 -295.7011 541.7415
70.9955 -266.0148 611.7590
111.2289 -236.3285 694.3290
151.4622 -206.6422 778.9869
191.6956 -176.9559 858.4327
231.9289 -147.2696 926.0543
272.1623 -117.5833 983.4179
312.3957 -87.8970 1036.5834
352.6290 -58.2107 1092.3966
392.8624 -28.5244 1153.4257
433.0957 1.1619 1207.1426
473.3291 30.8482 1231.7378
513.5625 60.5345 1250.7466
-602.4246 -700.7624 12.7910
-562.1912 -671.0761 61.0876
-521.9578 -641.3898 112.7591
-481.7245 -611.7034 162.3797
-441.4911 -582.0171 201.6419
-401.2578 -552.3308 225.2167
-361.0244 -522.6445 235.8265
-320.7910 -492.9582 240.1023
-280.5577 -463.2719 243.4659
-240.3243 -433.5856 248.0802
-200.0910 -403.8993 262.2809
-159.8576 -374.2130 294.1603
-119.6242 -344.5267 342.4352
-79.3909 -314.8404 400.2778
-39.1575 -285.1541 458.6920
1.0758 -255.4678 519.1003
41.3092 -225.7815 590.5475
81.5426 -196.0952 677.7972
121.7759 -166.4089 767.2198
162.0093 -136.7226 855.6428
202.2426 -107.0363 927.6873
242.4760 -77.3500 986.0211
282.7094 -47.6636 1037.4679
322.9427 -17.9773 1090.1906
363.1761 11.7090 1158.8047
403.4094 41.3953 1220.9839
443.6428 71.0816 1252.1383
-591.8775 -630.8427 31.8897
-551.6441 -601.1564 89.1967
-511.4108 -571.4701 139.1703
-471.1774 -541.7838 179.3829
-430.9441 -512.0975 207.1127
-390.7107 -482.4112 222.5145
-350.4773 -452.7249 230.1613
-310.2440 -423.0386 234.5997
-270.0106 -393.3523 237.4260
-229.7773 -363.6659 250.5809
-189.5439 -333.9796 278.2220
-149.3105 -304.2933 321.6639
-109.0772 -274.6070 378.2485
-68.8438 -244.9207 437.7386
-28.6105 -215.2344 502.0415
11.6229 -185.5481 575.8142
51.8563 -155.8618 662.0637
92.0896 -126.1755 759.6927
132.3230 -96.4892 845.4100
172.5563 -66.8029 920.8582
212.7897 -37.1166 985.6534
253.0231 -7.4303 1042.4830
293.2564 22.2560 1095.7158
333.4898 51.9423 1161.4039
373.7231 81.6286 1230.1724
-581.3305 -560.9230 68.8084
-541.0971 -531.2367 115.4763
-500.8637 -501.5504 157.2916
-460.6304 -471.8641 189.9520
-420.3970 -442.1778 209.0381
-380.1637 -412.4915 217.9729
-339.9303 -382.8052 222.2974
-299.6969 -353.1189 230.1630
-259.4636 -323.4326 241.1619
-219.2302 -293.7463 262.4886
-178.9969 -264.0600 300.5647
-138.7635 -234.3737 353.8087
-98.5301 -204.6874 417.9485
-58.2968 -175.0011 490.2237
-18.0634 -145.3148 563.8053
22.1699 -115.6285 651.3781
62.4033 -85.9421 746.3431
102.6367 -56.2558 834.8321
142.8700 -26.5695 914.4565
183.1034 3.1168 985.0455
223.3367 32.8031 1047.7660
263.5701 62.4894 1105.7234
303.8035 92.1757 1166.9740
344.0368 121.8620 1225.3124
-611.0168 -520.6897 45.8313
-570.7834 -491.0034 91.2706
-530.5500 -461.3171 134.6763
-490.3167 -431.6308 171.1380
-450.0833 -401.9445 195.2889
-409.8500 -372.2581 205.2087
-369.6166 -342.5718 212.6060
-329.3832 -312.8855 220.0873
-289.1499 -283.1992 229.7547
-248.9165 -253.5129 244.7147
-208.6832 -223.8266 278.6769
-168.4498 -194.1403 333.0810
-128.2164 -164.4540 399.5656
-87.9831 -134.7677 471.5312
-47.7497 -105.0814 551.5209
-7.5164 -75.3951 640.0955
32.7170 -45.7088 734.9525
72.9504 -16.0225 825.4580
113.1837 13.6638 909.4440
153.4171 43.3501 985.4219
193.6504 73.0364 1053.4670
233.8838 102.7227 1115.5896
274.1172 132.4090 1175.0397
314.3505 162.0954 1231.5908
-640.7031 -480.4563 20.5431
-600.4697 -450.7700 66.0217
-560.2363 -421.0837 109.6345
-520.0030 -391.3974 147.9862
-479.7696 -361.7111 176.5562
-439.5363 -332.0248 192.4505
-399.3029 -302.3385 200.0763
-359.0695 -272.6522 207.2565
-318.8362 -242.9659 216.3023
-278.6028 -213.2796 230.4170
-238.3695 -183.5933 261.3564
-198.1361 -153.9070 316.7972
-157.9027 -124.2206 386.0936
-117.6694 -94.5343 462.6955
-77.4360 -64.8480 535.8710
-37.2027 -35.1617 623.0393
3.0307 -5.4754 721.8915
43.2641 24.2109 816.6438
83.4974 53.8972 905.3948
123.7308 83.5835 986.0504
163.9641 113.2698 1058.2211
204.1975 142.9561 1121.2168
244.4309 172.6424 1175.9939
284.6642 202.3287 1223.0453
-630.1560 -410.5366 40.8152
-589.9227 -380.8503 82.9483
-549.6893 -351.1640 119.7527
-509.4559 -321.4777 145.5029
-469.2226 -291.7914 163.3646
-428.9892 -262.1051 177.1443
-388.7558 -232.4188 189.3794
-348.5225 -202.7325 203.9273
-308.2891 -173.0462 223.2494
-268.0558 -143.3599 250.5892
-227.8224 -113.6736 304.0405
-187.5890 -83.9873 371.8934
-147.3557 -54.3010 447.8082
-107.1223 -24.6147 525.8323
-66.8890 5.0716 610.4268
-26.6556 34.7579 709.6299
13.5778 64.4442 807.0806
53.8111 94.1305 900.1956
94.0445 123.8169 984.1957
134.2778 153.5032 1059.5060
174.5112 183.1895 1121.8894
214.7446 212.8758 1173.6516
254.9779 242.5621 1219.1709
-659.8423 -370.3033 18.2653
-619.6090 -340.6170 55.2415
-579.3756 -310.9307 84.0687
-539.1422 -281.2444 104.3939
-498.9089 -251.5581 121.7727
-458.6755 -221.8718 139.4558
-418.4422 -192.1855 161.4716
-378.2088 -162.4991 188.1313
-337.9754 -132.8128 210.8945
-297.7421 -103.1265 241.9079
-257.5087 -73.4402 289.2522
-217.2754 -43.7539 355.4708
-177.0420 -14.0676 437.0115
-136.8086 15.6187 514.7387
-96.5753 45.3050 604.8904
-56.3419 74.9913 700.4003
-16.1086 104.6776 795.6519
24.1248 134.3639 890.0601
64.3582 164.0502 977.4515
104.5915 193.7365 1053.3479
144.8249 223.4228 1117.2501
185.0582 253.1091 1170.3575
225.2916 282.7954 1217.4708
-609.0619 -270.6973 47.2718
-568.8285 -241.0110 57.1103
-528.5952 -211.3247 71.4336
-488.3618 -181.6384 92.5098
-448.1285 -151.9521 119.9080
-407.8951 -122.2658 154.9268
-367.6617 -92.5795 190.9613
-327.4284 -62.8932 230.1552
-287.1950 -33.2069 276.4543
-246.9617 -3.5206 335.0104
-206.7283 26.1657 421.2111
-166.4949 55.8520 502.8994
-126.2616 85.5383 597.1956
-86.0282 115.2247 689.4833
-45.7949 144.9110 784.6823
-5.5615 174.5973 879.5174
34.6719 204.2836 968.1706
74.9052 233.9699 1045.1158
115.1386 263.6562 1110.4410
155.3719 293.3425 1166.6614
195.6053 323.0288 1218.0143
-558.2815 -171.0913 15.3867
-477.8148 -111.7187 66.4288
-437.5814 -82.0324 116.7431
-397.3480 -52.3461 166.1594
-357.1147 -22.6598 213.9964
-316.8813 7.0265 265.1688
-276.6480 36.7128 324.7017
-236.4146 66.3991 402.9955
-196.1812 96.0854 491.4730
-155.9479 125.7717 582.1522
-115.7145 155.4580 671.6619
-75.4812 185.1443 771.6220
-35.2478 214.8306 863.7067
4.9856 244.5169 951.0126
45.2189 274.2032 1032.1284
85.4523 303.8895 1098.0634
125.6856 333.5758 1162.2281
165.9190 363.2622 1225.7599
-507.5011 -71.4854 6.5433
-467.2677 -41.7991 77.2843
-427.0344 -12.1128 137.3504
-386.8010 17.5735 190.8887
-346.5676 47.2598 244.6825
-306.3343 76.9462 306.4401
-266.1009 106.6325 379.7489
-225.8675 136.3188 464.6679
-185.6342 166.0051 556.7213
-145.4008 195.6914 652.0836
-105.1675 225.3777 751.6328
-64.9341 255.0640 833.5235
-24.7007 284.7503 913.8501
15.5326 314.4366 1009.1401
55.7660 344.1229 1072.1696
95.9993 373.8092 1155.3892
136.2327 403.4955 1213.3013
-496.9540 -1.5657 40.0115
-456.7207 28.1206 99.8017
-416.4873 57.8069 158.1786
-376.2539 87.4932 216.2935
-336.0206 117.1795 278.4806
-295.7872 146.8658 348.0848
-255.5539 176.5521 426.9453
-215.3205 206.2384 513.8453
-175.0871 235.9247 602.2922
-134.8538 265.6110 699.4000
-94.6204 295.2973 778.2285
-54.3871 324.9837 851.8300
-14.1537 354.6700 949.0773
26.0797 384.3563 1039.2885
66.3130 414.0426 1143.6187
106.5464 443.7289 1210.3627
146.7797 473.4152 1262.1687
-526.6403 38.6677 6.7425
-486.4070 68.3540 68.9150
-446.1736 98.0403 127.0839
-405.9402 127.7266 182.4932
-365.7069 157.4129 242.9275
-325.4735 187.0992 309.2373
-285.2402 216.7855 381.8991
-245.0068 246.4718 459.8436
-204.7734 276.1581 545.7855
-164.5401 305.8444 640.5917
-124.3067 335.5307 726.1635
-84.0734 365.2170 809.4814
-43.8400 394.9033 909.6010
-3.6066 424.5896 1011.0268
36.6267 454.2759 1102.0181
76.8601 483.9622 1188.8022
117.0934 513.6485 1227.1094
157.3268 543.3348 1252.6349
-516.0933 108.5873 45.5813
-475.8599 138.2736 96.3106
-435.6265 167.9599 145.8790
-395.3932 197.6462 203.3468
-355.1598 227.3325 267.3117
-314.9265 257.0188 338.4317
-274.6931 286.7052 418.0788
-234.4597 316.3915 504.9514
-194.2264 346.0778 590.0214
-153.9930 375.7641 686.5759
-113.7597 405.4504 791.4013
-73.5263 435.1367 878.7042
-33.2929 464.8230 958.7091
6.9404 494.5093 1046.5587
47.1738 524.1956 1127.2078
87.4071 553.8819 1179.4275
127.6405 583.5682 1197.5258
167.8739 613.2545 1244.1337
-545.7796 148.8207 25.4438
-505.5462 178.5070 65.4109
-465.3129 208.1933 110.3942
-425.0795 237.8796 163.6805
-384.8461 267.5659 227.9425
-344.6128 297.2522 301.8476
-304.3794 326.9385 389.4574
-264.1461 356.6248 480.8839
-223.9127 386.3111 567.7255
-183.6793 415.9974 656.6659
-143.4460 445.6837 738.6678
-103.2126 475.3700 818.8826
-62.9792 505.0563 899.2494
-22.7459 534.7426 985.1469
17.4875 564.4290 1046.3687
57.7208 594.1153 1099.9170
97.9542 623.8016 1156.2347
138.1876 653.4879 1193.4438
178.4209 683.1742 1258.9170
-535.2325 218.7403 45.0707
-494.9992 248.4266 79.6770
-454.7658 278.1130 125.6991
-414.5324 307.7993 196.2211
-374.2991 337.4856 280.3215
-334.0657 367.1719 365.9832
-293.8324 396.8582 443.4679
-253.5990 426.5445 525.9373
-213.3656 456.2308 599.8541
-173.1323 485.9171 678.1866
-132.8989 515.6034 759.2692
-92.6656 545.2897 839.9100
-52.4322 574.9760 904.3895
-12.1988 604.6623 954.5195
28.0345 634.3486 1015.3793
68.2679 664.0349 1095.2806
108.5012 693.7212 1134.1454
148.7346 723.4075 1205.6488
188.9680 753.0938 1257.2241
-564.9188 258.9737 25.9864
-524.6855 288.6600 58.1560
-484.4521 318.3463 95.2772
-444.2187 348.0326 171.6259
-403.9854 377.7189 253.9681
-363.7520 407.4052 333.6038
-323.5187 437.0915 408.4628
-283.2853 466.7778 480.4622
-243.0519 496.4641 550.7957
-202.8186 526.1505 619.1147
-162.5852 555.8368 700.5643
-122.3519 585.5231 780.3945
-82.1185 615.2094 830.0584
-41.8851 644.8957 882.9352
-1.6518 674.5820 972.8677
38.5816 704.2683 1066.8191
78.8149 733.9546 1124.7699
119.0483 763.6409 1153.9167
159.2817 793.3272 1231.0377
-554.3718 328.8934 37.2407
-514.1384 358.5797 79.8754
-473.9050 388.2660 151.7594
-433.6717 417.9523 221.6781
-393.4383 447.6386 291.2666
-353.2050 477.3249 356.6497
-312.9716 507.0112 425.7677
-272.7382 536.6975 497.1555
-232.5049 566.3838 566.4341
-192.2715 596.0701 641.0251
-152.0382 625.7564 715.2825
-111.8048 655.4427 754.8240
-71.5714 685.1290 828.4924
-31.3381 714.8153 932.6637
8.8953 744.5016 1014.8760
49.1286 774.1880 1078.9971
89.3620 803.8743 1136.7738
129.5954 833.5606 1179.8468
169.8287 863.2469 1260.0222
-584.0581 369.1267 15.5411
-543.8247 398.8130 51.8690
-503.5914 428.4993 120.7888
-463.3580 458.1856 183.0699
-423.1246 487.8720 241.0623
-382.8913 517.5583 306.8896
-342.6579 547.2446 376.3490
-302.4246 576.9309 440.4797
-262.1912 606.6172 510.4727
-221.9578 636.3035 580.4857
-181.7245 665.9898 644.8304
-141.4911 695.6761 706.2057
-101.2577 725.3624 763.6772
-61.0244 755.0487 842.5195
-20.7910 784.7350 932.5772
19.4423 814.4213 1002.5038
59.6757 844.1076 1093.5967
99.9091 873.7939 1157.9376
140.1424 903.4802 1206.1342
180.3758 933.1665 1252.3162
-573.5110 439.0464 24.9710
-533.2777 468.7327 72.1370
-493.0443 498.4190 133.1129
-452.8109 528.1053 196.7552
-412.5776 557.7916 260.6384
-372.3442 587.4779 322.3580
-332.1109 617.1642 385.5367
-291.8775 646.8505 449.0122
-251.6441 676.5368 518.7199
-211.4108 706.2231 580.8848
-171.1774 735.9094 650.5495
-130.9441 765.5958 709.2958
-90.7107 795.2821 771.5389
-50.4773 824.9684 838.6704
-10.2440 854.6547 918.5035
29.9894 884.3410 1018.0283
70.2227 914.0273 1103.9089
110.4561 943.7136 1150.2488
150.6895 973.3999 1217.4840
-562.9640 508.9661 36.1404
-522.7306 538.6524 91.7498
-482.4972 568.3387 148.6620
-442.2639 598.0250 207.6776
-402.0305 627.7113 268.5805
-361.7972 657.3976 329.7732
-321.5638 687.0839 393.5915
-281.3304 716.7702 457.2655
-241.0971 746.4565 520.2736
-200.8637 776.1428 589.3725
-160.6304 805.8291 652.3138
-120.3970 835.5154 714.3402
-80.1636 865.2017 776.7924
-39.9303 894.8880 847.2086
0.3031 924.5743 946.5844
40.5364 954.2606 1052.5720
80.7698 983.9469 1137.7555
121.0032 1013.6333 1200.0338
-552.4169 578.8857 47.1549
-512.1835 608.5720 108.7381
-471.9502 638.2583 159.7895
-431.7168 667.9446 219.5053
-391.4835 697.6309 278.6220
-351.2501 727.3173 338.2651
-311.0167 757.0036 401.6978
-270.7834 786.6899 463.3073
-230.5500 816.3762 527.3924
-190.3167 846.0625 595.2500
-150.0833 875.7488 658.4290
-109.8499 905.4351 727.9164
-69.6166 935.1214 808.4348
-29.3832 964.8077 899.1545
10.8501 994.4940 1013.6229
51.0835 1024.1803 1109.7113
91.3169 1053.8666 1187.6888
131.5502 1083.5529 1233.7861
-582.1032 619.1191 16.5995
-541.8699 648.8054 58.4493
-501.6365 678.4917 109.0017
-461.4031 708.1780 165.6749
-421.1698 737.8643 223.8599
-380.9364 767.5506 282.9347
-340.7031 797.2369 345.1781
-300.4697 826.9232 411.5264
-260.2363 856.6095 478.2191
-220.0030 886.2958 539.5397
-179.7696 915.9821 603.1356
-139.5363 945.6684 672.4752
-99.3029 975.3548 751.4880
-59.0695 1005.0411 852.4503
-18.8362 1034.7274 958.3593
21.3972 1064.4137 1061.8185
61.6306 1094.1000 1151.5774
101.8639 1123.7863 1203.5311
142.0973 1153.4726 1243.4712
-571.5562 689.0388 19.7202
-531.3228 718.7251 67.3716
-491.0894 748.4114 110.8911
-450.8561 778.0977 173.7411
-410.6227 807.7840 228.9240
-370.3894 837.4703 289.1668
-330.1560 867.1566 361.0392
-289.9226 896.8429 426.8646
-249.6893 926.5292 488.3094
-209.4559 956.2155 554.9809
-169.2226 985.9018 628.3094
-128.9892 1015.5881 715.5796
-88.7558 1045.2744 797.6207
-48.5225 1074.9607 900.4261
-8.2891 1104.6470 1004.4927
31.9442 1134.3333 1100.7563
72.1776 1164.0196 1172.6072
112.4110 1193.7059 1211.6510
152.6443 1223.3922 1240.2700
-561.0091 758.9584 25.5005
-520.7757 788.6447 69.7440
-480.5424 818.3310 121.8377
-440.3090 848.0173 180.3602
-400.0757 877.7036 237.6878
-359.8423 907.3899 304.0884
-319.6089 937.0763 370.6513
-279.3756 966.7626 434.9645
-239.1422 996.4489 506.8374
-198.9089 1026.1352 576.6605
-158.6755 1055.8215 657.2085
-118.4421 1085.5078 741.1578
-78.2088 1115.1941 843.7585
-37.9754 1144.8804 939.5628
2.2579 1174.5667 1030.2759
42.4913 1204.2530 1122.5499
82.7247 1233.9393 1182.3975
122.9580 1263.6256 1219.4308
163.1914 1293.3119 1241.5862
-550.4620 828.8781 28.8661
-510.2287 858.5644 68.9892
-469.9953 888.2507 126.4613
-429.7620 917.9370 175.6900
-389.5286 947.6233 239.8428
-349.2952 977.3096 294.3353
-309.0619 1006.9959 375.4185
-268.8285 1036.6822 441.4861
-228.5952 1066.3685 516.2094
-188.3618 1096.0548 604.7037
-148.1284 1125.7411 701.4505
-107.8951 1155.4274 784.1546
-67.6617 1185.1137 875.3967
-27.4284 1214.8001 970.5677
12.8050 1244.4864 1051.4023
53.0384 1274.1727 1132.1244
93.2717 1303.8590 1181.5262
133.5051 1333.5453 1223.7568
173.7384 1363.2316 1250.6918
-539.9150 898.7977 34.8006
-499.6816 928.4841 68.5761
-459.4483 958.1704 114.3235
-419.2149 987.8567 176.9653
-378.9816 1017.5430 247.5342
-338.7482 1047.2293 314.1423
-298.5148 1076.9156 392.9014
-258.2815 1106.6019 470.5346
-218.0481 1136.2882 557.0704
-177.8148 1165.9745 645.0554
-137.5814 1195.6608 724.6000
-97.3480 1225.3471 805.2235
-57.1147 1255.0334 903.4557
-16.8813 1284.7197 978.6031
23.3520 1314.4060 1049.0460
63.5854 1344.0923 1122.7007
103.8188 1373.7786 1180.2991
144.0521 1403.4649 1225.8740
-529.3679 968.7174 40.3280
-489.1346 998.4037 78.2504
-448.9012 1028.0900 146.5295
-408.6679 1057.7763 215.5387
-368.4345 1087.4626 288.7830
-328.2011 1117.1489 355.5431
-287.9678 1146.8352 428.9336
-247.7344 1176.5216 504.4614
-207.5011 1206.2079 585.0073
-167.2677 1235.8942 665.2136
-127.0343 1265.5805 745.5540
-86.8010 1295.2668 826.4548
-46.5676 1324.9531 906.8630
-6.3343 1354.6394 985.2740
33.8991 1384.3257 1046.8376
74.1325 1414.0120 1117.2893
114.3658 1443.6983 1178.1428
154.5992 1473.3846 1238.0380
-559.0542 1008.9508 15.4046
-518.8209 1038.6371 55.3686
-478.5875 1068.3234 112.7570
-438.3542 1098.0097 174.2198
-398.1208 1127.6960 241.5030
-357.8874 1157.3823 309.2926
-317.6541 1187.0686 381.8603
-277.4207 1216.7549 457.3378
-237.1874 1246.4412 535.5746
-196.9540 1276.1275 608.2629
-156.7206 1305.8138 686.6890
-116.4873 1335.5001 766.7001
-76.2539 1365.1864 847.3648
-36.0206 1394.8727 923.8015
4.2128 1424.5591 985.2114
44.4462 1454.2454 1054.7943
84.6795 1483.9317 1120.1478
124.9129 1513.6180 1187.5271
165.1462 1543.3043 1231.8365
-548.5072 1078.8704 25.2295
-508.2738 1108.5567 69.4604
-468.0405 1138.2431 129.8358
-427.8071 1167.9294 197.9945
-387.5737 1197.6157 262.9553
-347.3404 1227.3020 334.7932
-307.1070 1256.9883 409.8964
-266.8737 1286.6746 483.4591
-226.6403 1316.3609 559.6223
-186.4069 1346.0472 637.5723
-146.1736 1375.7335 707.4808
-105.9402 1405.4198 788.0909
-65.7069 1435.1061 860.8004
-25.4735 1464.7924 924.6987
14.7599 1494.4787 993.5869
54.9932 1524.1650 1061.3463
95.2266 1553.8513 1125.3745
135.4599 1583.5376 1186.6250
175.6933 1613.2239 1228.0767
-537.9601 1148.7901 36.5000
-497.7268 1178.4764 91.2639
-457.4934 1208.1627 148.5538
-417.2601 1237.8490 217.5201
-377.0267 1267.5353 285.5281
-336.7933 1297.2216 361.6001
-296.5600 1326.9079 431.8698
-256.3266 1356.5942 509.2345
-216.0933 1386.2805 580.4155
-175.8599 1415.9669 654.2294
-135.6265 1445.6532 728.6915
-95.3932 1475.3395 801.6717
-55.1598 1505.0258 867.2324
-14.9265 1534.7121 937.0414
25.3069 1564.3984 1006.2042
65.5403 1594.0847 1069.6296
105.7736 1623.7710 1135.9915
146.0070 1653.4573 1198.2910
186.2403 1683.1436 1249.3391
-527.4131 1218.7098 47.0195
-487.1797 1248.3961 109.4143
-446.9464 1278.0824 171.3553
-406.7130 1307.7687 243.2632
-366.4796 1337.4550 307.5491
-326.2463 1367.1413 379.8828
-286.0129 1396.8276 454.0329
-245.7796 1426.5139 530.2429
-205.5462 1456.2002 601.9609
-165.3128 1485.8865 671.4445
-125.0795 1515.5728 744.4521
-84.8461 1545.2591 814.8514
-44.6128 1574.9454 885.2298
-4.3794 1604.6317 954.0983
35.8540 1634.3180 1020.9401
76.0873 1664.0044 1089.4636
116.3207 1693.6907 1159.5038
156.5540 1723.3770 1220.8213
-557.0994 1258.9431 15.6852
-516.8660 1288.6294 59.3534
-476.6327 1318.3157 127.9927
-436.3993 1348.0020 190.9366
-396.1659 1377.6884 261.6883
-355.9326 1407.3747 334.7035
-315.6992 1437.0610 404.9375
-275.4659 1466.7473 473.9962
-235.2325 1496.4336 552.8008
-194.9991 1526.1199 622.2286
-154.7658 1555.8062 690.8383
-114.5324 1585.4925 761.1422
-74.2991 1615.1788 832.1522
-34.0657 1644.8651 895.7137
6.1677 1674.5514 974.2033
46.4010 1704.2377 1041.6685
86.6344 1733.9240 1114.2476
126.8677 1763.6103 1190.7109
167.1011 1793.2966 1234.1909
-546.5523 1328.8628 27.0075
-506.3190 1358.5491 83.6698
-466.0856 1388.2354 152.3226
-425.8522 1417.9217 217.2203
-385.6189 1447.6080 288.8329
-345.3855 1477.2943 351.1728
-305.1522 1506.9806 422.4844
-264.9188 1536.6669 495.3154
-224.6854 1566.3532 563.8599
-184.4521 1596.0395 637.2084
-144.2187 1625.7259 711.2657
-103.9854 1655.4122 779.5017
-63.7520 1685.0985 847.4417
-23.5186 1714.7848 921.6666
16.7147 1744.4711 992.8268
56.9481 1774.1574 1064.3531
97.1814 1803.8437 1140.1099
137.4148 1833.5300 1201.5798
177.6482 1863.2163 1243.5920
-536.0053 1398.7825 41.5641
-495.7719 1428.4688 102.9491
-455.5386 1458.1551 172.3114
-415.3052 1487.8414 234.4923
-375.0718 1517.5277 305.6332
-334.8385 1547.2140 368.8398
-294.6051 1576.9003 443.6274
-254.3718 1606.5866 512.2648
-214.1384 1636.2729 582.5609
-173.9050 1665.9592 651.9469
-133.6717 1695.6455 720.9501
-93.4383 1725.3318 791.0764
-53.2050 1755.0181 865.8172
-12.9716 1784.7044 935.3362
27.2618 1814.3907 1004.5139
67.4951 1844.0770 1079.0789
107.7285 1873.7633 1137.4921
147.9618 1903.4497 1193.5006
188.1952 1933.1360 1224.7352
228.4286 1962.8223 1244.5587
-565.6916 1439.0158 19.1995
-525.4582 1468.7021 61.0152
-485.2249 1498.3884 118.7686
-444.9915 1528.0747 188.5811
-404.7581 1557.7610 253.2573
-364.5248 1587.4474 321.8633
-324.2914 1617.1337 388.5726
-284.0581 1646.8200 457.6022
-243.8247 1676.5063 528.9976
-203.5913 1706.1926 600.3052
-163.3580 1735.8789 672.1487
-123.1246 1765.5652 739.4926
-82.8913 1795.2515 808.5145
-42.6579 1824.9378 877.0555
-2.4245 1854.6241 944.9441
37.8088 1884.3104 1004.4637
78.0422 1913.9967 1068.0588
118.2755 1943.6830 1118.5618
158.5089 1973.3693 1162.4032
198.7423 2003.0556 1200.2812
238.9756 2032.7419 1232.0952
-555.1445 1508.9355 25.6645
-514.9112 1538.6218 80.0306
-474.6778 1568.3081 140.0493
-434.4444 1597.9944 204.7006
-394.2111 1627.6807 273.6586
-353.9777 1657.3670 337.7474
-313.7444 1687.0533 408.4760
-273.5110 1716.7396 478.1117
-233.2776 1746.4259 545.3418
-193.0443 1776.1122 613.8444
-152.8109 1805.7985 682.0688
-112.5776 1835.4848 750.2368
-72.3442 1865.1712 815.8274
-32.1108 1894.8575 880.2600
8.1225 1924.5438 938.3112
48.3559 1954.2301 995.4616
88.5892 1983.9164 1044.8136
128.8226 2013.6027 1092.7964
169.0560 2043.2890 1132.1356
209.2893 2072.9753 1177.9647
249.5227 2102.6616 1227.0194
289.7560 2132.3479 1256.8966
-544.5975 1578.8552 33.7844
-504.3641 1608.5415 98.9286
-464.1308 1638.2278 159.6028
-423.8974 1667.9141 220.7183
-383.6640 1697.6004 292.4436
-343.4307 1727.2867 354.5307
-303.1973 1756.9730 425.5189
-262.9639 1786.6593 488.0247
-222.7306 1816.3456 554.8372
-182.4972 1846.0319 622.0377
-142.2639 1875.7182 685.7632
-102.0305 1905.4045 747.9330
-61.7971 1935.0908 813.6763
-21.5638 1964.7771 872.4548
18.6696 1994.4634 924.4825
58.9029 2024.1497 976.3224
99.1363 2053.8360 1021.7665
139.3697 2083.5223 1066.9990
179.6030 2113.2087 1112.6823
219.8364 2142.8950 1165.3469
260.0697 2172.5813 1217.1793
300.3031 2202.2676 1259.3179
-534.0504 1648.7748 46.2068
-493.8171 1678.4611 106.9501
-453.5837 1708.1474 175.1595
-413.3503 1737.8337 237.8705
-373.1170 1767.5200 305.8921
-332.8836 1797.2063 368.5772
-292.6503 1826.8927 430.6524
-252.4169 1856.5790 496.8458
-212.1835 1886.2653 561.9909
-171.9502 1915.9516 623.2615
-131.7168 1945.6379 685.8535
-91.4835 1975.3242 748.6899
-51.2501 2005.0105 805.8001
-11.0167 2034.6968 854.0856
29.2166 2064.3831 910.5424
69.4500 2094.0694 957.2188
109.6833 2123.7557 1002.5613
149.9167 2153.4420 1048.2323
190.1501 2183.1283 1098.6649
230.3834 2212.8146 1153.6290
270.6168 2242.5009 1210.8109
310.8501 2272.1872 1253.4744
-563.7367 1689.0082 19.6298
-523.5034 1718.6945 64.9884
-483.2700 1748.3808 122.3179
-443.0366 1778.0671 186.8699
-402.8033 1807.7534 251.6373
-362.5699 1837.4397 313.6811
-322.3366 1867.1260 373.8968
-282.1032 1896.8123 441.2031
-241.8698 1926.4986 504.7513
-201.6365 1956.1849 561.2280
-161.4031 1985.8712 624.8702
-121.1698 2015.5575 685.0967
-80.9364 2045.2438 734.7955
-40.7030 2074.9302 789.3126
-0.4697 2104.6165 840.7280
39.7637 2134.3028 891.7864
79.9970 2163.9891 938.0006
120.2304 2193.6754 984.5903
160.4638 2223.3617 1035.1694
200.6971 2253.0480 1090.7484
240.9305 2282.7343 1153.8517
281.1638 2312.4206 1205.3950
321.3972 2342.1069 1254.3864
-553.1897 1758.9278 27.4602
-512.9563 1788.6142 74.8230
-472.7229 1818.3005 139.2621
-432.4896 1847.9868 196.6164
-392.2562 1877.6731 256.3689
-352.0229 1907.3594 318.9736
-311.7895 1937.0457 385.6019
-271.5561 1966.7320 442.7521
-231.3228 1996.4183 504.5052
-191.0894 2026.1046 562.3370
-150.8561 2055.7909 620.9417
-110.6227 2085.4772 669.0881
-70.3893 2115.1635 724.4246
-30.1560 2144.8498 774.9323
10.0774 2174.5361 826.5112
50.3107 2204.2224 873.3123
90.5441 2233.9087 923.7592
130.7775 2263.5950 974.9703
171.0108 2293.2813 1040.4554
211.2442 2322.9676 1101.3922
251.4775 2352.6540 1157.0194
291.7109 2382.3403 1209.6642
331.9443 2412.0266 1259.9204
-542.6426 1828.8475 31.4271
-502.4093 1858.5338 82.6754
-462.1759 1888.2201 142.0443
-421.9425 1917.9064 202.5695
-381.7092 1947.5927 265.4728
-341.4758 1977.2790 322.9175
-301.2424 2006.9653 384.8435
-261.0091 2036.6516 443.1431
-220.7757 2066.3380 500.4255
-180.5424 2096.0243 556.3704
-140.3090 2125.7106 607.5240
-100.0756 2155.3969 659.5970
-59.8423 2185.0832 713.3536
-19.6089 2214.7695 762.8223
20.6244 2244.4558 810.1695
60.8578 2274.1421 873.9598
101.0912 2303.8284 928.5778
141.3245 2333.5147 990.4047
181.5579 2363.2010 1051.5363
221.7912 2392.8873 1109.6133
262.0246 2422.5736 1165.3562
302.2580 2452.2599 1218.4429
-532.0956 1898.7672 41.9233
-491.8622 1928.4535 92.9972
-451.6288 1958.1398 152.5394
-411.3955 1987.8261 211.4474
-371.1621 2017.5124 268.1373
-330.9288 2047.1987 324.2449
-290.6954 2076.8850 381.7834
-250.4620 2106.5713 438.4897
-210.2287 2136.2576 492.4827
-169.9953 2165.9439 545.6112
-129.7620 2195.6302 597.3443
-89.5286 2225.3165 651.6923
-49.2952 2255.0028 702.3455
-9.0619 2284.6891 754.7120
31.1715 2314.3755 818.9279
71.4048 2344.0618 880.0436
111.6382 2373.7481 942.3466
151.8716 2403.4344 1004.3204
192.1049 2433.1207 1064.4465
232.3383 2462.8070 1122.3555
272.5716 2492.4933 1177.6368
312.8050 2522.1796 1229.9598
-521.5485 1968.6868 46.5957
-481.3151 1998.3731 95.7232
-441.0818 2028.0595 154.7069
-400.8484 2057.7458 210.4429
-360.6151 2087.4321 265.3466
-320.3817 2117.1184 319.7002
-280.1483 2146.8047 375.9655
-239.9150 2176.4910 432.0155
-199.6816 2206.1773 482.7899
-159.4483 2235.8636 538.8935
-119.2149 2265.5499 592.9459
-78.9815 2295.2362 651.0084
-38.7482 2324.9225 708.4348
1.4852 2354.6088 771.2242
41.7185 2384.2951 834.0699
81.9519 2413.9814 897.3835
122.1853 2443.6677 960.1380
162.4186 2473.3540 1021.4435
202.6520 2503.0403 1080.7399
242.8853 2532.7266 1137.5452
283.1187 2562.4129 1191.5604
323.3521 2592.0993 1242.6613
-511.0014 2038.6065 42.5920
-470.7681 2068.2928 98.6746
-430.5347 2097.9791 150.4669
-390.3014 2127.6654 207.3843
-350.0680 2157.3517 263.5106
-309.8346 2187.0380 316.4911
-269.6013 2216.7243 370.5246
-229.3679 2246.4106 422.6375
-189.1346 2276.0970 478.6601
-148.9012 2305.7833 540.0966
-108.6678 2335.4696 602.4583
-68.4345 2365.1559 664.0778
-28.2011 2394.8422 727.5830
12.0322 2424.5285 791.2811
52.2656 2454.2148 855.1226
92.4990 2483.9011 918.3275
132.7323 2513.5874 980.1722
172.9657 2543.2737 1040.1852
213.1990 2572.9600 1097.9551
253.4324 2602.6463 1153.2069
293.6658 2632.3326 1205.7593
333.8991 2662.0189 1255.5039
-500.4544 2108.5262 44.6245
-460.2210 2138.2125 94.3805
-419.9877 2167.8988 150.2530
-379.7543 2197.5851 201.7007
-339.5210 2227.2714 257.6961
-299.2876 2256.9577 310.0512
-259.0542 2286.6440 372.6148
-218.8209 2316.3303 431.9021
-178.5875 2346.0166 494.2649
-138.3541 2375.7029 558.3106
-98.1208 2405.3892 621.7427
-57.8874 2435.0755 685.8250
-17.6541 2464.7618 750.1373
22.5793 2494.4481 814.3350
62.8127 2524.1344 877.8136
103.0460 2553.8208 939.9266
143.2794 2583.5071 1000.3190
183.5127 2613.1934 1058.7177
223.7461 2642.8797 1114.8839
263.9795 2672.5660 1168.6050
304.2128 2702.2523 1219.6990
-489.9073 2178.4458 42.0132
-449.6740 2208.1321 90.8931
-409.4406 2237.8185 146.0324
-369.2073 2267.5048 201.5474
-328.9739 2297.1911 267.7316
-288.7405 2326.8774 327.9190
-248.5072 2356.5637 388.3683
-208.2738 2386.2500 451.5185
-168.0405 2415.9363 515.7694
-127.8071 2445.6226 580.0848
-87.5737 2475.3089 644.7188
-47.3404 2504.9952 709.5214
-7.1070 2534.6815 774.0624
33.1263 2564.3678 837.7852
73.3597 2594.0541 900.1553
113.5931 2623.7404 960.8901
153.8264 2653.4267 1019.7945
194.0598 2683.1130 1076.6831
234.2931 2712.7993 1131.3525
274.5265 2742.4856 1183.6057
314.7599 2772.1719 1233.3845
-479.3603 2248.3655 43.6037
-439.1269 2278.0518 103.3419
-398.8936 2307.7381 159.4194
-358.6602 2337.4244 221.5129
-318.4268 2367.1107 283.1397
-278.1935 2396.7970 344.9831
-237.9601 2426.4833 408.9657
-197.7268 2456.1696 473.7270
-157.4934 2485.8559 538.6190
-117.2600 2515.5423 603.7286
-77.0267 2545.2286 668.9764
-36.7933 2574.9149 733.9069
3.4400 2604.6012 797.9754
43.6734 2634.2875 860.7173
83.9068 2663.9738 921.8754
124.1401 2693.6601 981.2886
164.3735 2723.3464 1038.8127
204.6068 2753.0327 1094.2875
244.8402 2782.7190 1147.5493
285.0736 2812.4053 1198.5459
325.3069 2842.0916 1247.3822
-509.0466 2288.5989 12.9140
-468.8132 2318.2852 63.9025
-428.5799 2347.9715 118.6068
-388.3465 2377.6578 177.8873
-348.1131 2407.3441 239.3564
-307.8798 2437.0304 302.4180
-267.6464 2466.7167 366.8609
-227.4131 2496.4030 431.9485
-187.1797 2526.0893 497.2555
-146.9463 2555.7756 562.8229
-106.7130 2585.4619 628.5406
-66.4796 2615.1482 693.9464
-26.2463 2644.8345 758.5130
13.9871 2674.5208 821.7988
54.2205 2704.2071 883.5311
94.4538 2733.8934 943.5368
134.6872 2763.5798 1001.6970
174.9205 2793.2661 1057.9044
215.1539 2822.9524 1112.0596
255.3873 2852.6387 1164.1445
295.6206 2882.3250 1214.2643
-498.4995 2358.5185 20.1971
-458.2662 2388.2048 75.2225
-418.0328 2417.8911 134.6183
-377.7995 2447.5774 196.5114
-337.5661 2477.2638 260.1404
-297.3327 2506.9501 324.8776
-257.0994 2536.6364 390.1926
-216.8660 2566.3227 455.8659
-176.6327 2596.0090 521.9391
-136.3993 2625.6953 588.2562
-96.1659 2655.3816 654.3596
-55.9326 2685.0679 719.6918
-15.6992 2714.7542 783.7756
24.5342 2744.4405 846.2868
64.7675 2774.1268 907.0234
105.0009 2803.8131 965.8812
145.2342 2833.4994 1022.8073
185.4676 2863.1857 1077.7743
225.7010 2892.8720 1130.8154
265.9343 2922.5583 1182.0585
306.1677 2952.2446 1231.7094
-487.9525 2428.4382 28.6075
-447.7191 2458.1245 89.6231
-407.4858 2487.8108 152.8165
-367.2524 2517.4971 217.3061
-327.0190 2547.1834 282.5063
-286.7857 2576.8697 348.1042
-246.5523 2606.5560 414.1956
-206.3190 2636.2423 480.9474
-166.0856 2665.9286 548.1604
-125.8522 2695.6149 615.3636
-85.6189 2725.3013 681.8654
-45.3855 2754.9876 747.0740
-5.1522 2784.6739 810.5977
35.0812 2814.3602 872.2083
75.3146 2844.0465 931.8320
115.5479 2873.7328 989.4762
155.7813 2903.4191 1045.1888
196.0146 2933.1054 1099.0486
236.2480 2962.7917 1151.2194
276.4814 2992.4780 1201.9242
316.7147 3022.1643 1251.4255
